 8.35959663e-01 3.39714769e-01 0.00000000e+00 0.00000000e+00
 5.57393844e-01 8.95011521e-01 0.00000000e+00 0.00000000e+00
 4.03554997e-01 2.06851072e-01 0.00000000e+00 0.00000000e+00
 7.10945698e-01 2.38908329e-01 0.00000000e+00 0.00000000e+00
 9.01345327e-01 3.86935168e-01 0.00000000e+00 0.00000000e+00
 7.91962293e-01 5.45352980e-02 0.00000000e+00 0.00000000e+00
 8.44305687e-01 3.14445056e-01 0.00000000e+00 0.00000000e+00
 8.60862572e-01 2.22059565e-01 0.00000000e+00 0.00000000e+00
 3.29979307e-02 4.71883860e-01 0.00000000e+00 0.00000000e+00
 9.35124669e-01 1.41975743e-01 0.00000000e+00 0.00000000e+00
 9.42240910e-01 1.10554173e-01 0.00000000e+00 0.00000000e+00
 1.26055729e-01 3.82161445e-01 0.00000000e+00 0.00000000e+00
 8.25834829e-01 8.62657179e-01 0.00000000e+00 0.00000000e+00
 3.93477029e-01 2.37108538e-01 0.00000000e+00 0.00000000e+00
 2.73954173e-01 8.85474114e-01 0.00000000e+00 0.00000000e+00
 6.61391702e-01 9.33316846e-02 0.00000000e+00 0.00000000e+00
 6.47780054e-01 5.81387351e-01 0.00000000e+00 0.00000000e+00
 3.93927025e-01 3.56656101e-01 0.00000000e+00 0.00000000e+00
 1.82026012e-01 4.01634054e-01 0.00000000e+00 0.00000000e+00
 2.47793369e-01 1.55277303e-01 0.00000000e+00 0.00000000e+00
 3.93464405e-01 1.34249653e-01 0.00000000e+00 0.00000000e+00
 5.25517096e-01 4.73985115e-01 0.00000000e+00 0.00000000e+00
 6.32581640e-01 8.75138741e-01 0.00000000e+00 0.00000000e+00
 7.44072040e-01 2.40501082e-01 0.00000000e+00 0.00000000e+00
 2.21572130e-01 9.67143300e-01 0.00000000e+00 0.00000000e+00
 6.13089063e-01 2.66920463e-01 0.00000000e+00 0.00000000e+00
 7.17163018e-01 4.35276496e-01 0.00000000e+00 0.00000000e+00
 5.88583957e-01 8.30476810e-01 0.00000000e+00 0.00000000e+00
 9.70641747e-01 8.50635513e-01 0.00000000e+00 0.00000000e+00
 9.14363196e-01 2.84040786e-01 0.00000000e+00 0.00000000e+00
 6.24245158e-01 4.70540319e-01 0.00000000e+00 0.00000000e+00
 8.35121519e-01 6.41289428e-01 0.00000000e+00 0.00000000e+00
 6.80813680e-01 4.87601688e-01 0.00000000e+00 0.00000000e+00
 4.39539765e-01 5.75255044e-01 0.00000000e+00 0.00000000e+00
 7.33280683e-01 8.73565273e-01 0.00000000e+00 0.00000000e+00
 1.42957798e-01 3.08879449e-01 0.00000000e+00 0.00000000e+00
 7.33247729e-01 2.86130793e-01 0.00000000e+00 0.00000000e+00
 7.17228679e-01 3.46320115e-01 0.00000000e+00 0.00000000e+00
 9.75622623e-01 1.54515952e-01 0.00000000e+00 0.00000000e+00
 7.77873746e-01 5.06614788e-01 0.00000000e+00 0.00000000e+00
 1.27282534e-01 3.26132493e-01 0.00000000e+00 0.00000000e+00
 6.71379229e-01 3.99387168e-01 0.00000000e+00 0.00000000e+00
 8.21175082e-01 5.44954401e-02 0.00000000e+00 0.00000000e+00
 4.22982284e-01 1.63685798e-01 0.00000000e+00 0.00000000e+00
 2.26910795e-01 2.86548822e-02 0.00000000e+00 0.00000000e+00
 6.17569849e-01 4.14001407e-01 0.00000000e+00 0.00000000e+00
 8.18771886e-01 3.85264164e-01 0.00000000e+00 0.00000000e+00
 8.67145994e-01 6.64724512e-02 0.00000000e+00 0.00000000e+00
 8.47172752e-01 8.60264247e-01 0.00000000e+00 0.00000000e+00
 5.23605920e-01 5.34314249e-01 0.00000000e+00 0.00000000e+00
 5.83958001e-01 9.91715462e-01 0.00000000e+00 0.00000000e+00
 2.04819273e-02 3.02119248e-01 0.00000000e+00 0.00000000e+00
 5.07946619e-01 2.96964280e-01 0.00000000e+00 0.00000000e+00
 8.71962994e-01 2.63769742e-01 0.00000000e+00 0.00000000e+00
 8.17300978e-01 4.98530529e-01 0.00000000e+00 0.00000000e+00
 4.75423153e-01 9.17720055e-01 0.00000000e+00 0.00000000e+00
 1.36497942e-01 5.47958265e-01 0.00000000e+00 0.00000000e+00
 1.00114596e-01 2.16928034e-01 0.00000000e+00 0.00000000e+00
 9.65242219e-01 9.10978488e-01 0.00000000e+00 0.00000000e+00
 9.72595811e-01 5.45875371e-01 0.00000000e+00 0.00000000e+00
 1.29508625e-01 9.53440264e-01 0.00000000e+00 0.00000000e+00
 5.75624723e-01 3.66713726e-01 0.00000000e+00 0.00000000e+00
 9.12693334e-01 8.51136320e-01 0.00000000e+00 0.00000000e+00
 5.66464777e-01 7.28760853e-01 0.00000000e+00 0.00000000e+00
 7.17263080e-01 6.28071500e-01 0.00000000e+00 0.00000000e+00
 9.72562060e-01 1.89017221e-01 0.00000000e+00 0.00000000e+00
 8.95575382e-01 9.37204501e-01 0.00000000e+00 0.00000000e+00
 9.30049278e-01 1.38743573e-01 0.00000000e+00 0.00000000e+00
 2.36331833e-01 3.13215939e-01 0.00000000e+00 0.00000000e+00
 4.40950483e-02 1.32423143e-01 0.00000000e+00 0.00000000e+00
 1.43690499e-01 4.75997067e-01 0.00000000e+00 0.00000000e+00
 8.04864548e-01 3.56883104e-01 0.00000000e+00 0.00000000e+00
 6.76842463e-01 6.90495046e-01 0.00000000e+00 0.00000000e+00
 7.84127093e-01 8.67396272e-01 0.00000000e+00 0.00000000e+00
 2.03765348e-01 8.42108980e-01 0.00000000e+00 0.00000000e+00
 3.67105621e-01 1.73939852e-01 0.00000000e+00 0.00000000e+00
 4.03396325e-01 6.61168749e-01 0.00000000e+00 0.00000000e+00
 6.82852466e-01 9.88435217e-01 0.00000000e+00 0.00000000e+00
 6.11864691e-01 1.01946328e-01 0.00000000e+00 0.00000000e+00
 9.61118791e-01 8.37479238e-01 0.00000000e+00 0.00000000e+00
 7.89767228e-02 8.37793221e-01 0.00000000e+00 0.00000000e+00
 4.08058375e-01 7.14865438e-01 0.00000000e+00 0.00000000e+00
 2.59781989e-02 1.55221607e-01 0.00000000e+00 0.00000000e+00
 3.21416821e-01 9.59251191e-01 0.00000000e+00 0.00000000e+00
 2.61566773e-01 1.48376440e-01 0.00000000e+00 0.00000000e+00
 5.46242550e-01 4.79109660e-01 0.00000000e+00 0.00000000e+00
 4.46223542e-01 7.06603886e-01 0.00000000e+00 0.00000000e+00
 3.75601300e-01 5.76360942e-01 0.00000000e+00 0.00000000e+00
 4.54424619e-01 8.26767659e-01 0.00000000e+00 0.00000000e+00
 8.51032270e-01 4.59947463e-03 0.00000000e+00 0.00000000e+00
 5.05382158e-01 7.69705178e-02 0.00000000e+00 0.00000000e+00
 2.65764760e-02 1.86503897e-01 0.00000000e+00 0.00000000e+00
 4.09073819e-01 8.51527424e-01 0.00000000e+00 0.00000000e+00
 1.17214340e-01 5.32615236e-01 0.00000000e+00 0.00000000e+00
 7.41834153e-01 6.10656956e-01 0.00000000e+00 0.00000000e+00
 6.08216439e-01 4.62350607e-01 0.00000000e+00 0.00000000e+00
 4.81841799e-01 9.97901616e-01 0.00000000e+00 0.00000000e+00
 3.45590568e-01 1.85593609e-01 0.00000000e+00 0.00000000e+00
 2.61570252e-01 4.06097635e-02 0.00000000e+00 0.00000000e+00
 2.99570884e-01 5.32203057e-01 0.00000000e+00 0.00000000e+00
 9.15914098e-01 4.67697621e-01 0.00000000e+00 0.00000000e+00
 3.12300051e-01 3.83707787e-01 0.00000000e+00 0.00000000e+00
 4.25465818e-01 2.36051548e-01 0.00000000e+00 0.00000000e+00
 6.22427831e-01 4.43873367e-01 0.00000000e+00 0.00000000e+00
 6.25040257e-02 2.97234695e-01 0.00000000e+00 0.00000000e+00
 7.13798821e-01 5.17323714e-01 0.00000000e+00 0.00000000e+00
 9.26123041e-01 7.85094018e-01 0.00000000e+00 0.00000000e+00
 5.24719686e-01 9.98443862e-01 0.00000000e+00 0.00000000e+00
 3.15361612e-01 9.84295884e-01 0.00000000e+00 0.00000000e+00
 2.78719873e-01 4.96963307e-01 0.00000000e+00 0.00000000e+00
 2.94334505e-02 2.84743274e-02 0.00000000e+00 0.00000000e+00
 4.95623223e-01 9.26976946e-01 0.00000000e+00 0.00000000e+00
 1.21747269e-01 8.94311653e-01 0.00000000e+00 0.00000000e+00
 8.31628531e-01 1.05991096e-01 0.00000000e+00 0.00000000e+00
 5.40169684e-01 8.52354057e-01 0.00000000e+00 0.00000000e+00
 5.36208742e-01 7.06823806e-01 0.00000000e+00 0.00000000e+00
 9.17383484e-01 1.17806306e-01 0.00000000e+00 0.00000000e+00
 5.80834132e-01 8.97610209e-01 0.00000000e+00 0.00000000e+00
 9.25552092e-02 7.72255581e-01 0.00000000e+00 0.00000000e+00
 5.18945815e-01 8.08280636e-01 0.00000000e+00 0.00000000e+00
 7.81295334e-01 2.91262808e-01 0.00000000e+00 0.00000000e+00
 3.21853537e-01 6.04435844e-01 0.00000000e+00 0.00000000e+00
 9.68954012e-01 6.64362743e-01 0.00000000e+00 0.00000000e+00
 6.31621579e-01 7.43531682e-01 0.00000000e+00 0.00000000e+00
 8.05208707e-01 4.32061810e-01 0.00000000e+00 0.00000000e+00
 1.17895145e-01 2.85353720e-01 0.00000000e+00 0.00000000e+00
 9.47477730e-01 6.97854280e-01 0.00000000e+00 0.00000000e+00
 7.06319685e-01 3.42383033e-01 0.00000000e+00 0.00000000e+00
 4.57992211e-01 3.94232269e-01 0.00000000e+00 0.00000000e+00
 5.10011975e-01 3.75778112e-03 0.00000000e+00 0.00000000e+00
 1.68806967e-01 5.43964403e-01 0.00000000e+00 0.00000000e+00
 3.03380070e-01 5.64095989e-02 0.00000000e+00 0.00000000e+00
 5.35259301e-01 7.52020959e-02 0.00000000e+00 0.00000000e+00
 3.32372367e-01 1.14607548e-01 0.00000000e+00 0.00000000e+00
 1.85191201e-01 6.60098015e-01 0.00000000e+00 0.00000000e+00
 6.86303017e-01 2.49602838e-01 0.00000000e+00 0.00000000e+00
 5.13493009e-01 2.03159825e-01 0.00000000e+00 0.00000000e+00
 7.08356314e-01 7.37448973e-01 0.00000000e+00 0.00000000e+00
 4.54309625e-01 4.65870053e-01 0.00000000e+00 0.00000000e+00
 1.66189409e-01 3.98864405e-01 0.00000000e+00 0.00000000e+00
 3.16845488e-01 9.38020447e-01 0.00000000e+00 0.00000000e+00
 3.45024070e-02 7.68877791e-01 0.00000000e+00 0.00000000e+00
 7.54226964e-01 8.10780900e-01 0.00000000e+00 0.00000000e+00
 4.45929225e-01 5.11752601e-01 0.00000000e+00 0.00000000e+00
 3.02748473e-01 3.96467012e-01 0.00000000e+00 0.00000000e+00
 3.41513815e-01 1.25420232e-01 0.00000000e+00 0.00000000e+00
 2.24020199e-01 6.04868028e-01 0.00000000e+00 0.00000000e+00
 8.67679360e-01 2.58363989e-01 0.00000000e+00 0.00000000e+00
 2.01234694e-01 5.16344174e-01 0.00000000e+00 0.00000000e+00
 5.12312926e-01 5.17122706e-02 0.00000000e+00 0.00000000e+00
 6.73438978e-01 9.10692479e-01 0.00000000e+00 0.00000000e+00
 7.23060680e-01 8.13885922e-01 0.00000000e+00 0.00000000e+00
 3.44858116e-01 2.54323091e-01 0.00000000e+00 0.00000000e+00
 3.03821359e-01 3.41962176e-01 0.00000000e+00 0.00000000e+00
 2.44420011e-01 9.19517379e-01 0.00000000e+00 0.00000000e+00
 7.70731542e-01 9.37426642e-01 0.00000000e+00 0.00000000e+00
 6.64636847e-01 5.99329786e-01 0.00000000e+00 0.00000000e+00
 1.94149112e-01 8.61511150e-02 0.00000000e+00 0.00000000e+00
 7.67903197e-01 1.12473762e-01 0.00000000e+00 0.00000000e+00
 8.49696947e-01 9.15496217e-01 0.00000000e+00 0.00000000e+00
 4.98822948e-01 7.67286546e-01 0.00000000e+00 0.00000000e+00
 2.20696363e-01 3.55758159e-01 0.00000000e+00 0.00000000e+00
 4.98678556e-01 7.00634327e-01 0.00000000e+00 0.00000000e+00
 4.46005322e-01 9.43508750e-01 0.00000000e+00 0.00000000e+00
 7.56078694e-01 9.29531688e-01 0.00000000e+00 0.00000000e+00
 6.63227922e-02 8.82588922e-01 0.00000000e+00 0.00000000e+00
 4.97653834e-01 5.91781922e-01 0.00000000e+00 0.00000000e+00
 5.18606590e-02 5.07766538e-01 0.00000000e+00 0.00000000e+00
 1.82820327e-01 1.95845111e-01 0.00000000e+00 0.00000000e+00
 3.37208560e-01 5.73691579e-01 0.00000000e+00 0.00000000e+00
 4.88813121e-01 7.74832051e-01 0.00000000e+00 0.00000000e+00
 7.76067511e-01 2.22974249e-01 0.00000000e+00 0.00000000e+00
 5.33153594e-01 1.84714475e-01 0.00000000e+00 0.00000000e+00
 5.62442163e-01 8.71634722e-01 0.00000000e+00 0.00000000e+00
 7.16608667e-01 5.04451718e-01 0.00000000e+00 0.00000000e+00
 1.55414783e-01 5.86973608e-01 0.00000000e+00 0.00000000e+00
 4.15867836e-01 6.25080773e-01 0.00000000e+00 0.00000000e+00
 7.57427994e-01 5.96980033e-01 0.00000000e+00 0.00000000e+00
 8.12889063e-02 6.46749181e-01 0.00000000e+00 0.00000000e+00
 1.18888760e-01 4.08921566e-01 0.00000000e+00 0.00000000e+00
 6.41429293e-02 2.51907011e-02 0.00000000e+00 0.00000000e+00
 1.20142010e-01 6.10335117e-01 0.00000000e+00 0.00000000e+00
 1.46167032e-02 4.84569923e-01 0.00000000e+00 0.00000000e+00
 5.91764608e-02 2.88907945e-01 0.00000000e+00 0.00000000e+00
 6.89587333e-01 5.47009832e-01 0.00000000e+00 0.00000000e+00
 1.90159374e-01 4.21132160e-02 0.00000000e+00 0.00000000e+00
 5.96594151e-01 7.12803741e-01 0.00000000e+00 0.00000000e+00
 4.35337432e-01 3.03998512e-01 0.00000000e+00 0.00000000e+00
 4.96478573e-01 7.25761994e-01 0.00000000e+00 0.00000000e+00
 8.81764302e-01 6.15010020e-01 0.00000000e+00 0.00000000e+00
 6.74895901e-01 9.17813797e-01 0.00000000e+00 0.00000000e+00
 5.26478275e-01 9.03215212e-01 0.00000000e+00 0.00000000e+00
 9.69036770e-01 9.69028510e-01 0.00000000e+00 0.00000000e+00
 2.57961132e-01 3.65565001e-01 0.00000000e+00 0.00000000e+00
 1.18253066e-01 6.70550820e-01 0.00000000e+00 0.00000000e+00
 6.75951457e-01 6.52865794e-01 0.00000000e+00 0.00000000e+00
 8.30732447e-01 7.90908417e-02 0.00000000e+00 0.00000000e+00
 9.14983304e-01 2.60656648e-01 0.00000000e+00 0.00000000e+00
 6.52994859e-02 2.75178301e-01 0.00000000e+00 0.00000000e+00
 5.76267665e-01 9.74564646e-01 0.00000000e+00 0.00000000e+00
 6.02036994e-01 2.06512781e-01 0.00000000e+00 0.00000000e+00
 1.27444938e-01 4.11519543e-01 0.00000000e+00 0.00000000e+00
 6.66884435e-01 3.57810136e-01 0.00000000e+00 0.00000000e+00
 3.02084875e-01 8.78210933e-01 0.00000000e+00 0.00000000e+00
 9.92711844e-01 3.02236538e-01 0.00000000e+00 0.00000000e+00
 4.54508051e-01 3.36140952e-01 0.00000000e+00 0.00000000e+00
 6.48162493e-01 1.27437634e-01 0.00000000e+00 0.00000000e+00
 3.04639566e-01 9.87441619e-01 0.00000000e+00 0.00000000e+00
 7.09428097e-01 9.84098756e-02 0.00000000e+00 0.00000000e+00
 7.51482423e-01 1.20551160e-01 0.00000000e+00 0.00000000e+00
 4.97561426e-01 1.74751943e-01 0.00000000e+00 0.00000000e+00
 4.07750710e-01 7.60808370e-01 0.00000000e+00 0.00000000e+00
 9.55681701e-01 6.79358031e-01 0.00000000e+00 0.00000000e+00
 9.10509326e-01 1.70199487e-01 0.00000000e+00 0.00000000e+00
 9.20984215e-01 9.34973256e-01 0.00000000e+00 0.00000000e+00
 2.87084809e-01 1.65375888e-01 0.00000000e+00 0.00000000e+00
 7.05605870e-01 9.94393130e-01 0.00000000e+00 0.00000000e+00
 1.45369418e-02 8.34134836e-01 0.00000000e+00 0.00000000e+00
 9.43351379e-01 5.43062759e-01 0.00000000e+00 0.00000000e+00
 6.40618276e-01 2.95323040e-01 0.00000000e+00 0.00000000e+00
 9.10479315e-01 6.79324080e-01 0.00000000e+00 0.00000000e+00
 1.78360484e-05 5.35008409e-01 0.00000000e+00 0.00000000e+00
 6.06094608e-01 5.54619803e-01 0.00000000e+00 0.00000000e+00
 6.17426560e-02 3.40175516e-01 0.00000000e+00 0.00000000e+00
 9.92102203e-03 4.65740568e-01 0.00000000e+00 0.00000000e+00
 3.32270394e-01 5.71324258e-01 0.00000000e+00 0.00000000e+00
 5.30916539e-01 1.31261727e-01 0.00000000e+00 0.00000000e+00
 7.67455554e-01 3.89931746e-01 0.00000000e+00 0.00000000e+00
 6.18533224e-02 3.04599694e-01 0.00000000e+00 0.00000000e+00
 3.74095221e-01 6.90265087e-01 0.00000000e+00 0.00000000e+00
 4.21912910e-02 6.35791718e-01 0.00000000e+00 0.00000000e+00
 2.75434073e-01 7.66856595e-01 0.00000000e+00 0.00000000e+00
 5.89111871e-01 9.42721177e-02 0.00000000e+00 0.00000000e+00
 8.96023844e-01 3.30136935e-01 0.00000000e+00 0.00000000e+00
 3.40340402e-01 4.48422046e-01 0.00000000e+00 0.00000000e+00
 7.69623780e-01 8.51629571e-01 0.00000000e+00 0.00000000e+00
 7.67269086e-01 3.98575148e-01 0.00000000e+00 0.00000000e+00
 3.26635814e-01 8.48864361e-01 0.00000000e+00 0.00000000e+00
 9.12602407e-01 9.51309623e-01 0.00000000e+00 0.00000000e+00
 6.24430287e-01 7.19023937e-03 0.00000000e+00 0.00000000e+00
 1.39972523e-01 1.29774786e-01 0.00000000e+00 0.00000000e+00
 6.24713345e-01 4.77445617e-01 0.00000000e+00 0.00000000e+00
 7.42906057e-01 7.50224488e-01 0.00000000e+00 0.00000000e+00
 7.41350124e-01 5.16405064e-01 0.00000000e+00 0.00000000e+00
 3.53247989e-01 5.62339049e-01 0.00000000e+00 0.00000000e+00
 5.40519915e-03 5.26340188e-01 0.00000000e+00 0.00000000e+00
 4.38061001e-01 6.42713780e-01 0.00000000e+00 0.00000000e+00
 4.52258483e-02 9.30895220e-01 0.00000000e+00 0.00000000e+00
 9.06588781e-01 9.66377184e-01 0.00000000e+00 0.00000000e+00
 5.18160931e-01 4.96969664e-01 0.00000000e+00 0.00000000e+00
 6.46440073e-01 1.93764563e-01 0.00000000e+00 4.00000000e+00
 1.84426155e-01 8.62520140e-01 0.00000000e+00 4.00000000e+00
 4.77568595e-02 4.97252096e-01 0.00000000e+00 4.00000000e+00
 3.26110936e-01 9.48629395e-01 0.00000000e+00 4.00000000e+00
 9.21250779e-01 3.97463771e-01 0.00000000e+00 4.00000000e+00
 1.48644737e-01 6.30096622e-01 0.00000000e+00 4.00000000e+00
 1.66106621e-01 2.50773636e-02 0.00000000e+00 4.00000000e+00
 7.40789421e-01 3.61250792e-02 0.00000000e+00 4.00000000e+00
 9.49048259e-01 4.03221799e-01 0.00000000e+00 4.00000000e+00
 8.34293779e-01 2.05375814e-01 0.00000000e+00 4.00000000e+00
 7.48691591e-02 8.67268441e-01 0.00000000e+00 4.00000000e+00
 1.65611666e-01 9.96923789e-01 0.00000000e+00 4.00000000e+00
 3.51932140e-01 5.45126828e-01 0.00000000e+00 4.00000000e+00
 3.80300568e-01 7.16371628e-01 0.00000000e+00 4.00000000e+00
 4.99535727e-01 5.24478541e-01 0.00000000e+00 4.00000000e+00
 8.95276083e-01 8.93746253e-02 0.00000000e+00 4.00000000e+00
 2.22591464e-01 1.78272062e-01 0.00000000e+00 4.00000000e+00
 9.60024348e-01 1.20219373e-01 0.00000000e+00 4.00000000e+00
 6.78893001e-01 2.41008748e-01 0.00000000e+00 4.00000000e+00
 2.96935583e-02 9.12900508e-01 0.00000000e+00 4.00000000e+00
 4.99654865e-01 3.05465723e-01 0.00000000e+00 4.00000000e+00
 7.56581897e-01 4.10044530e-01 0.00000000e+00 4.00000000e+00
 4.66718323e-01 8.84660564e-01 0.00000000e+00 4.00000000e+00
 8.17044385e-02 2.85825879e-01 0.00000000e+00 4.00000000e+00
 6.55883410e-01 9.37735699e-01 0.00000000e+00 4.00000000e+00
 6.67191249e-01 7.01105440e-01 0.00000000e+00 4.00000000e+00
 1.83467299e-01 9.99698234e-01 0.00000000e+00 4.00000000e+00
 5.04631576e-01 3.38406603e-01 0.00000000e+00 4.00000000e+00
 4.79283792e-01 5.26878946e-01 0.00000000e+00 4.00000000e+00
 1.75643669e-01 2.00677575e-01 0.00000000e+00 4.00000000e+00
 6.86526963e-01 7.91333403e-01 0.00000000e+00 4.00000000e+00
 3.05117619e-01 1.08995645e-01 0.00000000e+00 4.00000000e+00
 9.89902474e-01 8.08821359e-01 0.00000000e+00 4.00000000e+00
 1.67247805e-01 9.56033276e-01 0.00000000e+00 4.00000000e+00
 1.49732940e-01 1.97249236e-01 0.00000000e+00 4.00000000e+00
 2.55876464e-01 5.06031775e-01 0.00000000e+00 4.00000000e+00
 4.94445074e-01 4.80795627e-01 0.00000000e+00 4.00000000e+00
 1.28121143e-01 1.43737416e-02 0.00000000e+00 4.00000000e+00
 8.23458265e-01 9.08383907e-01 0.00000000e+00 4.00000000e+00
 4.29153395e-02 9.74133329e-01 0.00000000e+00 4.00000000e+00
 5.81438841e-01 3.95848689e-01 0.00000000e+00 4.00000000e+00
 5.48302300e-01 3.93531249e-02 0.00000000e+00 4.00000000e+00
 1.00105187e-01 9.30021256e-01 0.00000000e+00 4.00000000e+00
 8.53861926e-01 5.40904138e-01 0.00000000e+00 4.00000000e+00
 9.80172642e-01 2.72997898e-01 0.00000000e+00 4.00000000e+00
 7.87276040e-01 1.06978135e-01 0.00000000e+00 4.00000000e+00
 4.41562066e-01 6.12223983e-01 0.00000000e+00 4.00000000e+00
 8.49248046e-01 5.22409759e-01 0.00000000e+00 4.00000000e+00
 1.76889457e-01 5.05042110e-01 0.00000000e+00 4.00000000e+00
 8.41723817e-01 6.85356971e-01 0.00000000e+00 4.00000000e+00
 7.36365166e-01 5.55529846e-01 0.00000000e+00 4.00000000e+00
 1.34430276e-01 8.56663323e-01 0.00000000e+00 4.00000000e+00
 5.99373533e-01 7.09689763e-01 0.00000000e+00 4.00000000e+00
 1.51150661e-01 3.69104937e-01 0.00000000e+00 4.00000000e+00
 6.85219182e-01 9.46970143e-01 0.00000000e+00 4.00000000e+00
 4.50445818e-01 3.10467062e-01 0.00000000e+00 4.00000000e+00
 9.15961859e-01 3.82448978e-01 0.00000000e+00 4.00000000e+00
 9.36376607e-01 7.58705810e-01 0.00000000e+00 4.00000000e+00
 6.93249785e-01 5.78553164e-01 0.00000000e+00 4.00000000e+00
 3.03854645e-01 9.50320706e-01 0.00000000e+00 4.00000000e+00
 2.30780736e-01 3.60747119e-01 0.00000000e+00 4.00000000e+00
 7.45719295e-01 5.48932045e-02 0.00000000e+00 4.00000000e+00
 7.05312436e-01 2.01839005e-01 0.00000000e+00 4.00000000e+00
 2.67337605e-01 8.41083375e-02 0.00000000e+00 4.00000000e+00
 8.93480575e-01 5.17413500e-01 0.00000000e+00 4.00000000e+00
 1.07326088e-01 9.39830696e-01 0.00000000e+00 4.00000000e+00
 5.25638530e-03 7.96262998e-01 0.00000000e+00 4.00000000e+00
 5.09831818e-01 2.69001518e-01 0.00000000e+00 4.00000000e+00
 9.49019612e-01 5.49915115e-01 0.00000000e+00 4.00000000e+00
 8.94579761e-01 3.79753434e-01 0.00000000e+00 4.00000000e+00
 9.18763937e-01 9.07171207e-01 0.00000000e+00 4.00000000e+00
 2.35852576e-01 5.47383679e-01 0.00000000e+00 4.00000000e+00
 7.55310560e-01 9.88382809e-01 0.00000000e+00 4.00000000e+00
 3.47949101e-01 1.12236424e-02 0.00000000e+00 4.00000000e+00
 7.05856917e-01 2.45923400e-02 0.00000000e+00 4.00000000e+00
 7.41118515e-01 4.44149089e-01 0.00000000e+00 4.00000000e+00
 1.27949817e-01 9.30964736e-01 0.00000000e+00 4.00000000e+00
 8.80521253e-01 6.97426557e-01 0.00000000e+00 4.00000000e+00
 3.86919037e-01 1.94136385e-01 0.00000000e+00 4.00000000e+00
 4.94972161e-01 3.60120322e-02 0.00000000e+00 4.00000000e+00
 4.27685683e-01 9.49805034e-01 0.00000000e+00 4.00000000e+00
 8.53414157e-01 9.31991501e-01 0.00000000e+00 4.00000000e+00
 1.80493498e-01 1.51688683e-01 0.00000000e+00 4.00000000e+00
 8.06763663e-01 3.17027127e-01 0.00000000e+00 4.00000000e+00
 6.85033538e-01 7.33733381e-01 0.00000000e+00 4.00000000e+00
 7.19421681e-01 8.07061344e-01 0.00000000e+00 4.00000000e+00
 2.36449008e-01 1.58795509e-01 0.00000000e+00 4.00000000e+00
 7.77109699e-01 3.50026242e-01 0.00000000e+00 4.00000000e+00
 3.41461031e-01 8.34811125e-01 0.00000000e+00 4.00000000e+00
 2.66730939e-01 9.94893456e-01 0.00000000e+00 4.00000000e+00
 1.56806070e-01 2.00123797e-01 0.00000000e+00 4.00000000e+00
 4.38077447e-01 9.16515680e-01 0.00000000e+00 4.00000000e+00
 9.62328177e-02 1.31235715e-01 0.00000000e+00 4.00000000e+00
 4.39374973e-01 9.67086284e-01 0.00000000e+00 4.00000000e+00
 1.29839903e-02 5.63272494e-01 0.00000000e+00 4.00000000e+00
 7.84648864e-02 2.57758565e-01 0.00000000e+00 4.00000000e+00
 9.70805220e-01 5.81183598e-01 0.00000000e+00 4.00000000e+00
 6.93256468e-01 8.98028460e-01 0.00000000e+00 4.00000000e+00
 5.90284152e-02 4.26758013e-02 0.00000000e+00 4.00000000e+00
 4.91693816e-02 2.44130278e-01 0.00000000e+00 4.00000000e+00
 8.69675097e-01 5.50060585e-01 0.00000000e+00 4.00000000e+00
 6.03816067e-01 1.30547659e-01 0.00000000e+00 4.00000000e+00
 5.15027328e-01 6.24630657e-01 0.00000000e+00 4.00000000e+00
 5.98480888e-01 9.04202578e-01 0.00000000e+00 4.00000000e+00
 2.67358391e-01 1.48060058e-01 0.00000000e+00 4.00000000e+00
 6.77320590e-01 5.56675101e-01 0.00000000e+00 4.00000000e+00
 4.86404078e-01 4.24308518e-01 0.00000000e+00 4.00000000e+00
 1.91372116e-01 6.79727659e-02 0.00000000e+00 4.00000000e+00
 7.38021159e-01 1.44376174e-02 0.00000000e+00 4.00000000e+00
 9.29088500e-01 4.97684085e-01 0.00000000e+00 4.00000000e+00
 1.61849072e-01 1.66853970e-01 0.00000000e+00 4.00000000e+00
 4.54869835e-02 4.04658921e-03 0.00000000e+00 4.00000000e+00
 9.88341625e-01 3.52643936e-01 0.00000000e+00 4.00000000e+00
 8.40210554e-01 6.17582003e-01 0.00000000e+00 4.00000000e+00
 7.33815141e-01 8.04651255e-01 0.00000000e+00 4.00000000e+00
 6.08309718e-01 7.38123782e-01 0.00000000e+00 4.00000000e+00
 3.12375839e-01 8.15196444e-01 0.00000000e+00 4.00000000e+00
 2.66861342e-01 5.04815282e-01 0.00000000e+00 4.00000000e+00
 3.12937597e-01 4.91706091e-01 0.00000000e+00 4.00000000e+00
 4.39664052e-01 3.53173935e-01 0.00000000e+00 4.00000000e+00
 4.61517823e-01 5.92852821e-01 0.00000000e+00 4.00000000e+00
 6.20183798e-01 4.21265641e-01 0.00000000e+00 4.00000000e+00
 1.81931820e-01 7.45760586e-01 0.00000000e+00 4.00000000e+00
 7.96550500e-02 7.48796845e-02 0.00000000e+00 4.00000000e+00
 7.62738874e-01 5.49846868e-01 0.00000000e+00 4.00000000e+00
 7.40355601e-01 9.76785843e-01 0.00000000e+00 4.00000000e+00
 1.93159514e-01 4.05133340e-01 0.00000000e+00 4.00000000e+00
 1.44091646e-01 1.90593861e-01 0.00000000e+00 4.00000000e+00
 4.87410500e-01 5.89771647e-01 0.00000000e+00 4.00000000e+00
 4.92237781e-01 2.82251880e-01 0.00000000e+00 4.00000000e+00
 3.40920060e-01 3.79366221e-01 0.00000000e+00 4.00000000e+00
 7.65610493e-01 1.35130437e-01 0.00000000e+00 4.00000000e+00
 5.72162176e-01 9.15715975e-01 0.00000000e+00 4.00000000e+00
 6.16180602e-01 2.50998570e-02 0.00000000e+00 4.00000000e+00
 7.86705988e-01 1.22183311e-01 0.00000000e+00 4.00000000e+00
 5.89615691e-01 9.92704208e-01 0.00000000e+00 4.00000000e+00
 5.68083785e-02 4.68049413e-01 0.00000000e+00 4.00000000e+00
 7.79026208e-01 5.67488807e-01 0.00000000e+00 4.00000000e+00
 1.22738908e-01 8.02698218e-01 0.00000000e+00 4.00000000e+00
 7.35617594e-01 2.67938892e-01 0.00000000e+00 4.00000000e+00
 8.34263474e-01 9.67301601e-01 0.00000000e+00 4.00000000e+00
 2.91103247e-01 4.39434594e-02 0.00000000e+00 4.00000000e+00
 3.02665637e-01 9.19694934e-01 0.00000000e+00 4.00000000e+00
 3.60152067e-01 7.33795132e-01 0.00000000e+00 4.00000000e+00
 2.94082770e-01 3.20915401e-01 0.00000000e+00 4.00000000e+00
 3.84221693e-01 9.62472464e-01 0.00000000e+00 4.00000000e+00
 5.82097317e-01 2.13294720e-01 0.00000000e+00 4.00000000e+00
 6.17470612e-01 6.41573268e-01 0.00000000e+00 4.00000000e+00
 4.47927082e-01 6.43045304e-01 0.00000000e+00 4.00000000e+00
 8.14116997e-01 7.01922276e-02 0.00000000e+00 4.00000000e+00
 6.59182131e-01 4.12198364e-01 0.00000000e+00 4.00000000e+00
 8.58125000e-01 5.21427689e-01 0.00000000e+00 4.00000000e+00
 1.29209882e-01 7.21325062e-02 0.00000000e+00 4.00000000e+00
 4.37642669e-01 8.43218737e-01 0.00000000e+00 4.00000000e+00
 6.89999810e-01 6.45078669e-01 0.00000000e+00 4.00000000e+00
 1.81603967e-01 6.24903616e-02 0.00000000e+00 4.00000000e+00
 7.13573649e-01 2.89157068e-01 0.00000000e+00 4.00000000e+00
 5.77184391e-01 5.24631245e-02 0.00000000e+00 4.00000000e+00
 2.26775986e-01 8.96521301e-02 0.00000000e+00 4.00000000e+00
 1.93096370e-01 9.68736289e-01 0.00000000e+00 4.00000000e+00
 5.82857596e-01 5.06587763e-01 0.00000000e+00 4.00000000e+00
 2.50086255e-01 1.55774780e-01 0.00000000e+00 4.00000000e+00
 6.20626028e-02 8.51116001e-01 0.00000000e+00 4.00000000e+00
 8.19414787e-01 5.43279675e-01 0.00000000e+00 4.00000000e+00
 2.56647675e-01 7.84032064e-01 0.00000000e+00 4.00000000e+00
 4.35208367e-01 2.30698653e-01 0.00000000e+00 4.00000000e+00
 8.25548404e-04 2.32613309e-01 0.00000000e+00 4.00000000e+00
 4.02464331e-02 2.94490669e-01 0.00000000e+00 4.00000000e+00
 5.71125657e-01 6.21896222e-01 0.00000000e+00 4.00000000e+00
 5.20880626e-02 9.66128014e-01 0.00000000e+00 4.00000000e+00
 1.00935328e-01 6.90679960e-01 0.00000000e+00 4.00000000e+00
 7.31153905e-01 8.70566129e-01 0.00000000e+00 4.00000000e+00
 7.75530113e-01 3.98052756e-01 0.00000000e+00 4.00000000e+00
 5.91070954e-01 1.55138196e-01 0.00000000e+00 4.00000000e+00
 8.25586274e-01 1.87302334e-01 0.00000000e+00 4.00000000e+00
 7.70360525e-01 8.15953010e-01 0.00000000e+00 4.00000000e+00
 1.66866372e-01 7.96576568e-01 0.00000000e+00 4.00000000e+00
 8.48805769e-01 9.07974912e-02 0.00000000e+00 4.00000000e+00
 4.52428404e-01 9.51349131e-01 0.00000000e+00 4.00000000e+00
 2.70947233e-01 1.66525704e-01 0.00000000e+00 4.00000000e+00
 7.12352545e-01 8.35489649e-01 0.00000000e+00 4.00000000e+00
 3.67893915e-01 4.06392392e-01 0.00000000e+00 4.00000000e+00
 8.27604518e-01 2.06999824e-02 0.00000000e+00 4.00000000e+00
 5.76700606e-01 7.57508365e-01 0.00000000e+00 4.00000000e+00
 3.77258970e-01 1.23012065e-01 0.00000000e+00 4.00000000e+00
 1.37568643e-01 2.77621702e-01 0.00000000e+00 4.00000000e+00
 2.02247968e-01 9.84537491e-01 0.00000000e+00 4.00000000e+00
 3.88030108e-01 1.58458790e-01 0.00000000e+00 4.00000000e+00
 6.83123950e-01 9.98331757e-01 0.00000000e+00 4.00000000e+00
 1.69895867e-01 9.71634735e-01 0.00000000e+00 4.00000000e+00
 4.84933108e-01 4.20316783e-02 0.00000000e+00 4.00000000e+00
 3.67779651e-03 5.75494942e-01 0.00000000e+00 4.00000000e+00
 6.55338922e-01 6.14110043e-02 0.00000000e+00 4.00000000e+00
 7.75366032e-01 2.76916250e-01 0.00000000e+00 4.00000000e+00
 5.67488747e-01 9.01044133e-01 0.00000000e+00 4.00000000e+00
 5.54046778e-01 9.28280338e-01 0.00000000e+00 4.00000000e+00
 3.66129730e-01 7.62484570e-01 0.00000000e+00 4.00000000e+00
 5.79594066e-01 2.92530370e-01 0.00000000e+00 4.00000000e+00
 7.45550205e-01 7.04356406e-01 0.00000000e+00 4.00000000e+00
 8.80316280e-01 2.45513859e-02 0.00000000e+00 4.00000000e+00
 9.07672939e-01 5.46156075e-01 0.00000000e+00 4.00000000e+00
 8.07662866e-01 3.06300749e-01 0.00000000e+00 4.00000000e+00
 3.96927426e-01 6.49297720e-01 0.00000000e+00 4.00000000e+00
 7.52317342e-01 1.24870990e-01 0.00000000e+00 4.00000000e+00
 3.25866359e-01 9.41990792e-01 0.00000000e+00 4.00000000e+00
 2.16985172e-01 1.36901905e-01 0.00000000e+00 4.00000000e+00
 9.54848069e-01 2.47335137e-01 0.00000000e+00 4.00000000e+00
 2.34142870e-01 4.64014481e-01 0.00000000e+00 4.00000000e+00
 6.57410837e-02 1.74017591e-01 0.00000000e+00 4.00000000e+00
 4.48968827e-01 6.72875758e-01 0.00000000e+00 4.00000000e+00
 9.68179821e-01 7.57212921e-01 0.00000000e+00 4.00000000e+00
 9.26378420e-01 4.15913551e-01 0.00000000e+00 4.00000000e+00
 3.40325932e-01 3.45227504e-01 0.00000000e+00 4.00000000e+00
 4.90187858e-01 1.93757533e-01 0.00000000e+00 4.00000000e+00
 2.76717348e-01 6.09116266e-01 0.00000000e+00 4.00000000e+00
 1.10763210e-02 2.16556556e-01 0.00000000e+00 4.00000000e+00
 4.45111983e-01 9.20051525e-01 0.00000000e+00 4.00000000e+00
 5.69552356e-01 5.85738416e-01 0.00000000e+00 4.00000000e+00
 6.86994210e-01 5.88480426e-01 0.00000000e+00 4.00000000e+00
 9.36196047e-01 9.94403634e-01 0.00000000e+00 4.00000000e+00
 7.10749368e-01 6.88442989e-01 0.00000000e+00 4.00000000e+00
 4.78463435e-01 8.93144038e-01 0.00000000e+00 4.00000000e+00
 4.21886046e-01 5.96555803e-01 0.00000000e+00 4.00000000e+00
 7.94631416e-01 1.35158829e-01 0.00000000e+00 4.00000000e+00
 2.42408118e-01 5.06684320e-02 0.00000000e+00 4.00000000e+00
 4.06045895e-01 8.39613906e-04 0.00000000e+00 4.00000000e+00
 5.45799857e-01 8.87052801e-01 0.00000000e+00 4.00000000e+00
 1.39995429e-01 3.22066890e-01 0.00000000e+00 4.00000000e+00
 6.65753059e-01 3.51156433e-01 0.00000000e+00 4.00000000e+00
 8.95496355e-01 7.33638192e-01 0.00000000e+00 4.00000000e+00
 4.91441265e-01 8.99916666e-01 0.00000000e+00 4.00000000e+00
 8.70894148e-01 1.86588888e-01 0.00000000e+00 4.00000000e+00
 6.50584056e-01 6.37690308e-01 0.00000000e+00 4.00000000e+00
 8.86121929e-01 5.78682795e-01 0.00000000e+00 4.00000000e+00
 7.33764109e-01 5.61664881e-01 0.00000000e+00 4.00000000e+00
 3.65475517e-01 4.86257868e-01 0.00000000e+00 4.00000000e+00
 7.27264054e-01 1.16230597e-01 0.00000000e+00 4.00000000e+00
 5.78318212e-01 6.63107516e-01 0.00000000e+00 4.00000000e+00
 8.97018780e-02 1.17395111e-01 0.00000000e+00 4.00000000e+00
 1.84087368e-01 4.06180960e-01 0.00000000e+00 4.00000000e+00
 2.96403593e-01 9.07415295e-01 0.00000000e+00 4.00000000e+00
 3.22173709e-01 5.35569487e-01 0.00000000e+00 4.00000000e+00
 7.53718684e-01 8.21482918e-01 0.00000000e+00 4.00000000e+00
 7.82071756e-01 5.43636874e-01 0.00000000e+00 4.00000000e+00
 7.95884984e-01 8.19718662e-01 0.00000000e+00 4.00000000e+00
 3.67661518e-01 7.24246932e-01 0.00000000e+00 4.00000000e+00
 3.28691371e-01 5.51003809e-01 0.00000000e+00 4.00000000e+00
 5.40078060e-01 9.17626552e-01 0.00000000e+00 4.00000000e+00
 1.96022581e-02 9.81692469e-01 0.00000000e+00 4.00000000e+00
 4.14795946e-02 7.49956593e-01 0.00000000e+00 4.00000000e+00
 8.53529876e-02 5.69857177e-01 4.00000000e+00 0.00000000e+00
 3.47362810e-01 5.01014304e-01 4.00000000e+00 0.00000000e+00
 5.13582967e-01 2.79133976e-01 4.00000000e+00 0.00000000e+00
 5.09096665e-01 2.16368034e-01 4.00000000e+00 0.00000000e+00
 4.22640226e-01 6.33155351e-01 4.00000000e+00 0.00000000e+00
 2.43040290e-01 4.31944724e-01 4.00000000e+00 0.00000000e+00
 4.03162885e-01 4.57716889e-01 4.00000000e+00 0.00000000e+00
 3.21273177e-01 7.73137671e-01 4.00000000e+00 0.00000000e+00
 9.46322485e-01 5.46812653e-01 4.00000000e+00 0.00000000e+00
 7.14429281e-02 3.55016260e-01 4.00000000e+00 0.00000000e+00
 1.43237448e-01 6.91443050e-01 4.00000000e+00 0.00000000e+00
 9.45416453e-01 8.23544267e-01 4.00000000e+00 0.00000000e+00
 1.63701067e-01 1.30243123e-01 4.00000000e+00 0.00000000e+00
 2.23493116e-02 8.05379338e-01 4.00000000e+00 0.00000000e+00
 2.92293431e-01 8.55133155e-01 4.00000000e+00 0.00000000e+00
 6.96602656e-01 1.21412770e-01 4.00000000e+00 0.00000000e+00
 9.12121577e-01 3.06049778e-01 4.00000000e+00 0.00000000e+00
 7.33216476e-01 7.29786877e-01 4.00000000e+00 0.00000000e+00
 5.67189199e-01 9.23863604e-01 4.00000000e+00 0.00000000e+00
 3.41038933e-01 9.18550973e-01 4.00000000e+00 0.00000000e+00
 4.28673935e-01 6.91915391e-01 4.00000000e+00 0.00000000e+00
 3.38941587e-01 9.05193919e-01 4.00000000e+00 0.00000000e+00
 4.61729634e-01 9.93646057e-01 4.00000000e+00 0.00000000e+00
 8.47189735e-01 9.60661647e-01 4.00000000e+00 0.00000000e+00
 6.63800848e-01 5.11393744e-01 4.00000000e+00 0.00000000e+00
 7.22972548e-01 7.67797060e-01 4.00000000e+00 0.00000000e+00
 9.50258846e-01 3.67909020e-01 4.00000000e+00 0.00000000e+00
 8.27525923e-01 7.82477298e-01 4.00000000e+00 0.00000000e+00
 5.86582220e-01 6.04376097e-01 4.00000000e+00 0.00000000e+00
 2.71056280e-01 2.94932199e-01 4.00000000e+00 0.00000000e+00
 9.31623533e-01 8.06230842e-02 4.00000000e+00 0.00000000e+00
 4.67732397e-02 7.80652291e-01 4.00000000e+00 0.00000000e+00
 6.06960488e-01 1.01138471e-01 4.00000000e+00 0.00000000e+00
 5.28335009e-01 3.84545639e-02 4.00000000e+00 0.00000000e+00
 2.29131038e-01 5.49101176e-03 4.00000000e+00 0.00000000e+00
 3.93159706e-01 7.49305981e-01 4.00000000e+00 0.00000000e+00
 6.81657688e-01 1.00555449e-01 4.00000000e+00 0.00000000e+00
 9.93754864e-01 1.56500233e-01 4.00000000e+00 0.00000000e+00
 7.69230452e-01 4.07021105e-01 4.00000000e+00 0.00000000e+00
 4.54263763e-01 5.35926270e-02 4.00000000e+00 0.00000000e+00
 6.58451584e-01 4.23215086e-01 4.00000000e+00 0.00000000e+00
 3.03115638e-01 8.43741869e-02 4.00000000e+00 0.00000000e+00
 7.26682664e-01 6.44195828e-01 4.00000000e+00 0.00000000e+00
 7.26989333e-01 9.98287775e-03 4.00000000e+00 0.00000000e+00
 8.43403604e-01 1.11388792e-01 4.00000000e+00 0.00000000e+00
 6.02329052e-01 9.00959265e-01 4.00000000e+00 0.00000000e+00
 5.87819156e-02 4.16147954e-01 4.00000000e+00 0.00000000e+00
 5.91338226e-01 4.85026659e-01 4.00000000e+00 0.00000000e+00
 3.71654949e-01 9.83950523e-01 4.00000000e+00 0.00000000e+00
 6.26028677e-01 9.89301747e-01 4.00000000e+00 0.00000000e+00
 1.39468961e-01 8.02736743e-01 4.00000000e+00 0.00000000e+00
 2.27133423e-01 7.90819203e-01 4.00000000e+00 0.00000000e+00
 2.91928760e-01 3.70775341e-01 4.00000000e+00 0.00000000e+00
 4.44578807e-01 4.47947653e-01 4.00000000e+00 0.00000000e+00
 5.47750589e-01 4.57739420e-01 4.00000000e+00 0.00000000e+00
 9.41946320e-01 4.48885105e-01 4.00000000e+00 0.00000000e+00
 4.01458014e-01 3.65977382e-01 4.00000000e+00 0.00000000e+00
 4.19286797e-01 7.94684918e-02 4.00000000e+00 0.00000000e+00
 1.04979395e-01 1.11365165e-01 4.00000000e+00 0.00000000e+00
 6.51468736e-01 2.13589199e-01 4.00000000e+00 0.00000000e+00
 5.83613472e-01 1.37278292e-01 4.00000000e+00 0.00000000e+00
 4.94743199e-01 1.27440922e-01 4.00000000e+00 0.00000000e+00
 9.60117945e-01 8.17742897e-01 4.00000000e+00 0.00000000e+00
 8.31666240e-01 3.34278450e-01 4.00000000e+00 0.00000000e+00
 3.43570816e-01 7.85859876e-01 4.00000000e+00 0.00000000e+00
 1.31001823e-01 7.54915146e-01 4.00000000e+00 0.00000000e+00
 1.74302805e-01 5.76734302e-01 4.00000000e+00 0.00000000e+00
 6.13769403e-01 6.79574361e-01 4.00000000e+00 0.00000000e+00
 6.04465764e-01 6.18936078e-01 4.00000000e+00 0.00000000e+00
 4.52132509e-01 9.32641721e-02 4.00000000e+00 0.00000000e+00
 6.58117199e-02 5.65165690e-01 4.00000000e+00 0.00000000e+00
 6.20426269e-02 5.20690936e-01 4.00000000e+00 0.00000000e+00
 1.98397610e-01 5.88915904e-01 4.00000000e+00 0.00000000e+00
 9.44125998e-01 5.28882317e-01 4.00000000e+00 0.00000000e+00
 5.59695133e-01 8.63963218e-01 4.00000000e+00 0.00000000e+00
 2.49592031e-01 8.79764037e-01 4.00000000e+00 0.00000000e+00
 1.84686055e-01 3.59266686e-01 4.00000000e+00 0.00000000e+00
 3.64524519e-01 8.49149836e-01 4.00000000e+00 0.00000000e+00
 9.91125983e-01 7.86984276e-01 4.00000000e+00 0.00000000e+00
 4.02997144e-01 5.47521234e-01 4.00000000e+00 0.00000000e+00
 6.87381565e-01 4.53577975e-01 4.00000000e+00 0.00000000e+00
 7.41168784e-01 4.87558934e-01 4.00000000e+00 0.00000000e+00
 9.92350568e-02 7.39120219e-01 4.00000000e+00 0.00000000e+00
 1.27873107e-01 3.39072916e-01 4.00000000e+00 0.00000000e+00
 4.17743361e-02 1.01179031e-01 4.00000000e+00 0.00000000e+00
 8.79083490e-01 9.18475497e-01 4.00000000e+00 0.00000000e+00
 4.47986060e-01 8.43230127e-01 4.00000000e+00 0.00000000e+00
 3.89026089e-01 8.72957308e-01 4.00000000e+00 0.00000000e+00
 3.76876238e-01 3.11287462e-01 4.00000000e+00 0.00000000e+00
 3.68120697e-01 7.08616706e-01 4.00000000e+00 0.00000000e+00
 5.22509259e-01 8.54462178e-01 4.00000000e+00 0.00000000e+00
 5.01514720e-02 2.87864963e-01 4.00000000e+00 0.00000000e+00
 6.56291273e-02 2.66904585e-01 4.00000000e+00 0.00000000e+00
 1.04465917e-01 8.42958562e-01 4.00000000e+00 0.00000000e+00
 7.73225332e-01 1.53767327e-01 4.00000000e+00 0.00000000e+00
 6.19307710e-01 1.09025194e-01 4.00000000e+00 0.00000000e+00
 7.50470029e-01 5.20326755e-01 4.00000000e+00 0.00000000e+00
 1.02095725e-01 1.60023559e-01 4.00000000e+00 0.00000000e+00
 6.88040932e-01 1.31560185e-01 4.00000000e+00 0.00000000e+00
 7.71236168e-01 4.31782328e-01 4.00000000e+00 0.00000000e+00
 8.64852930e-01 3.95909913e-01 4.00000000e+00 0.00000000e+00
 6.49819673e-01 7.77182060e-01 4.00000000e+00 0.00000000e+00
 1.31588550e-01 6.16946196e-01 4.00000000e+00 0.00000000e+00
 5.70479549e-01 8.24404098e-01 4.00000000e+00 0.00000000e+00
 7.78347412e-01 8.94581349e-01 4.00000000e+00 0.00000000e+00
 7.50488031e-02 7.18575401e-01 4.00000000e+00 0.00000000e+00
 6.26384437e-01 5.41162979e-01 4.00000000e+00 0.00000000e+00
 3.57346276e-01 4.69451499e-01 4.00000000e+00 0.00000000e+00
 7.83897862e-01 3.62358743e-01 4.00000000e+00 0.00000000e+00
 3.93271906e-01 7.20925278e-01 4.00000000e+00 0.00000000e+00
 9.55624779e-01 2.95515125e-01 4.00000000e+00 0.00000000e+00
 6.79855294e-02 6.66966149e-01 4.00000000e+00 0.00000000e+00
 7.66587997e-01 4.85743999e-01 4.00000000e+00 0.00000000e+00
 2.93757717e-01 1.40653530e-04 4.00000000e+00 0.00000000e+00
 8.17262466e-01 5.96210230e-01 4.00000000e+00 0.00000000e+00
 2.17310611e-01 6.99474326e-01 4.00000000e+00 0.00000000e+00
 8.64987858e-01 2.52956901e-01 4.00000000e+00 0.00000000e+00
 2.07616874e-01 9.19677186e-01 4.00000000e+00 0.00000000e+00
 2.90996227e-01 5.52889223e-01 4.00000000e+00 0.00000000e+00
 1.70007767e-01 9.14261786e-01 4.00000000e+00 0.00000000e+00
 4.42341880e-01 4.40984749e-01 4.00000000e+00 0.00000000e+00
 9.62793363e-01 1.14380702e-01 4.00000000e+00 0.00000000e+00
 2.62972479e-01 9.87051344e-01 4.00000000e+00 0.00000000e+00
 5.49736183e-01 2.82540806e-01 4.00000000e+00 0.00000000e+00
 8.13633147e-01 2.79390715e-01 4.00000000e+00 0.00000000e+00
 2.91549808e-01 3.45076099e-03 4.00000000e+00 0.00000000e+00
 5.01238432e-01 6.42632801e-01 4.00000000e+00 0.00000000e+00
 6.82601523e-01 4.67983918e-01 4.00000000e+00 0.00000000e+00
 4.07490493e-01 3.83332950e-01 4.00000000e+00 0.00000000e+00
 1.35362739e-01 1.95740067e-01 4.00000000e+00 0.00000000e+00
 1.48219042e-02 8.18572427e-01 4.00000000e+00 0.00000000e+00
 7.23828339e-01 2.24394252e-01 4.00000000e+00 0.00000000e+00
 4.14483512e-01 7.08812165e-02 4.00000000e+00 0.00000000e+00
 5.73134689e-01 2.63321795e-01 4.00000000e+00 0.00000000e+00
 5.00021824e-01 8.90701837e-01 4.00000000e+00 0.00000000e+00
 5.04713579e-02 8.43607921e-01 4.00000000e+00 0.00000000e+00
 5.38495568e-01 3.59828262e-01 4.00000000e+00 0.00000000e+00
 7.23153991e-01 3.27495905e-01 4.00000000e+00 0.00000000e+00
 6.50338037e-01 6.20435311e-01 4.00000000e+00 0.00000000e+00
 3.25465424e-02 5.88105932e-01 4.00000000e+00 0.00000000e+00
 9.70320606e-01 6.91345434e-01 4.00000000e+00 0.00000000e+00
 2.01946567e-01 3.54680423e-01 4.00000000e+00 0.00000000e+00
 9.21548201e-01 2.72844548e-01 4.00000000e+00 0.00000000e+00
 7.76435741e-01 3.18016275e-01 4.00000000e+00 0.00000000e+00
 9.12085154e-02 6.12803836e-01 4.00000000e+00 0.00000000e+00
 9.95306667e-01 4.40127526e-01 4.00000000e+00 0.00000000e+00
 8.56569209e-01 4.01138474e-01 4.00000000e+00 0.00000000e+00
 8.34019344e-01 7.38873245e-01 4.00000000e+00 0.00000000e+00
 3.89946119e-01 3.87855409e-01 4.00000000e+00 0.00000000e+00
 6.70526225e-01 6.01914183e-01 4.00000000e+00 0.00000000e+00
 8.77738440e-01 2.58356485e-01 4.00000000e+00 0.00000000e+00
 9.24986337e-01 5.32540055e-01 4.00000000e+00 0.00000000e+00
 3.64411697e-01 2.98298816e-01 4.00000000e+00 0.00000000e+00
 7.89870797e-01 5.34427207e-02 4.00000000e+00 0.00000000e+00
 2.53686052e-01 6.39133947e-01 4.00000000e+00 0.00000000e+00
 8.24566042e-01 5.57104178e-01 4.00000000e+00 0.00000000e+00
 3.07607589e-01 2.56170288e-01 4.00000000e+00 0.00000000e+00
 8.47401342e-01 5.71408461e-01 4.00000000e+00 0.00000000e+00
 6.48303924e-01 6.10935110e-01 4.00000000e+00 0.00000000e+00
 2.65127471e-01 8.64439428e-01 4.00000000e+00 0.00000000e+00
 7.30563860e-01 1.52616742e-01 4.00000000e+00 0.00000000e+00
 5.84222769e-01 3.18432579e-01 4.00000000e+00 0.00000000e+00
 3.12804849e-01 3.65955577e-01 4.00000000e+00 0.00000000e+00
 6.55130983e-01 1.66077264e-02 4.00000000e+00 0.00000000e+00
 1.11974215e-03 6.16533769e-01 4.00000000e+00 0.00000000e+00
 1.76240552e-01 6.78869520e-01 4.00000000e+00 0.00000000e+00
 2.49943664e-02 6.53721532e-01 4.00000000e+00 0.00000000e+00
 8.18516925e-01 1.65676678e-01 4.00000000e+00 0.00000000e+00
 6.06144133e-01 1.74650311e-01 4.00000000e+00 0.00000000e+00
 6.56930311e-01 6.58536071e-01 4.00000000e+00 0.00000000e+00
 1.24816631e-01 3.59871691e-02 4.00000000e+00 0.00000000e+00
 4.09387546e-01 8.34187440e-01 4.00000000e+00 0.00000000e+00
 4.51376460e-02 1.00633759e-01 4.00000000e+00 0.00000000e+00
 8.61620320e-01 6.40251105e-01 4.00000000e+00 0.00000000e+00
 2.72175504e-01 9.47960213e-01 4.00000000e+00 0.00000000e+00
 7.81045164e-01 7.51109478e-01 4.00000000e+00 0.00000000e+00
 3.69790545e-01 3.17813154e-01 4.00000000e+00 0.00000000e+00
 2.05026000e-02 4.48197624e-01 4.00000000e+00 0.00000000e+00
 1.37362033e-01 6.43494183e-01 4.00000000e+00 0.00000000e+00
 5.99372012e-01 9.07427999e-01 4.00000000e+00 0.00000000e+00
 8.88991873e-01 3.86788441e-01 4.00000000e+00 0.00000000e+00
 1.60207031e-01 6.10848915e-01 4.00000000e+00 0.00000000e+00
 1.95454530e-01 5.29071272e-01 4.00000000e+00 0.00000000e+00
 8.51692107e-01 4.84591694e-01 4.00000000e+00 0.00000000e+00
 1.03744381e-01 3.78200653e-02 4.00000000e+00 0.00000000e+00
 5.80707723e-01 8.53634336e-01 4.00000000e+00 0.00000000e+00
 5.67628650e-01 4.94944709e-01 4.00000000e+00 0.00000000e+00
 1.61111751e-01 4.85707692e-01 4.00000000e+00 0.00000000e+00
 9.28990801e-01 9.91197221e-01 4.00000000e+00 0.00000000e+00
 2.05014955e-01 7.16975007e-01 4.00000000e+00 0.00000000e+00
 8.51745553e-01 2.89402113e-01 4.00000000e+00 0.00000000e+00
 8.30728157e-02 1.03785170e-01 4.00000000e+00 0.00000000e+00
 9.92175647e-01 7.90800410e-01 4.00000000e+00 0.00000000e+00
 6.90932718e-01 7.30502939e-01 4.00000000e+00 0.00000000e+00
 4.48399703e-02 5.96706275e-01 4.00000000e+00 0.00000000e+00
 8.22432854e-01 3.83549602e-01 4.00000000e+00 0.00000000e+00
 1.19931494e-01 2.15806432e-01 4.00000000e+00 0.00000000e+00
 5.10296469e-01 2.45559732e-01 4.00000000e+00 0.00000000e+00
 2.14733309e-01 9.84655538e-01 4.00000000e+00 0.00000000e+00
 2.96090445e-01 8.14599228e-01 4.00000000e+00 0.00000000e+00
 5.93269918e-01 8.49962941e-01 4.00000000e+00 0.00000000e+00
 9.02774432e-01 1.29116042e-01 4.00000000e+00 0.00000000e+00
 7.60805197e-01 1.63912242e-01 4.00000000e+00 0.00000000e+00
 4.76401894e-01 3.92555345e-01 4.00000000e+00 0.00000000e+00
 1.20665622e-01 2.16364528e-01 4.00000000e+00 0.00000000e+00
 1.49591364e-01 8.12099631e-01 4.00000000e+00 0.00000000e+00
 8.95006841e-01 9.96947607e-01 4.00000000e+00 0.00000000e+00
 7.38284478e-01 6.72968310e-01 4.00000000e+00 0.00000000e+00
 9.09402278e-02 4.52438188e-01 4.00000000e+00 0.00000000e+00
 8.66082288e-01 1.39327989e-01 4.00000000e+00 0.00000000e+00
 1.35853265e-01 2.57390080e-01 4.00000000e+00 0.00000000e+00
 5.70147505e-01 7.28524257e-01 4.00000000e+00 0.00000000e+00
 8.62114754e-01 6.91517962e-01 4.00000000e+00 0.00000000e+00
 7.74482430e-01 5.98209139e-01 4.00000000e+00 0.00000000e+00
 9.84332634e-02 1.33809250e-01 4.00000000e+00 0.00000000e+00
 8.23315496e-02 7.25202341e-03 4.00000000e+00 0.00000000e+00
 2.87514982e-01 5.50688646e-01 4.00000000e+00 0.00000000e+00
 8.32866469e-01 1.21653604e-02 4.00000000e+00 0.00000000e+00
 8.79620105e-01 4.43020832e-01 4.00000000e+00 0.00000000e+00
 1.19169733e-01 1.34286204e-01 4.00000000e+00 0.00000000e+00
 2.89927725e-01 9.66722013e-01 4.00000000e+00 0.00000000e+00
 7.51292728e-02 9.09093810e-02 4.00000000e+00 0.00000000e+00
 2.87290080e-01 9.06022533e-01 4.00000000e+00 0.00000000e+00
 2.54661440e-01 5.02998424e-01 4.00000000e+00 0.00000000e+00
 4.64904333e-02 8.07631535e-01 4.00000000e+00 0.00000000e+00
 6.89609922e-01 8.38215684e-01 4.00000000e+00 0.00000000e+00
 5.61328496e-01 5.59277521e-01 4.00000000e+00 0.00000000e+00
 4.98596852e-01 4.49010311e-01 4.00000000e+00 0.00000000e+00
 2.22059365e-01 3.34167498e-01 4.00000000e+00 0.00000000e+00
 5.35035547e-01 2.38121077e-01 4.00000000e+00 0.00000000e+00
 5.62344511e-01 9.07214537e-01 4.00000000e+00 0.00000000e+00
 8.97849944e-01 3.72254290e-02 4.00000000e+00 0.00000000e+00
 1.25267630e-01 8.09345273e-02 4.00000000e+00 0.00000000e+00
 3.86234669e-01 6.08561027e-01 4.00000000e+00 0.00000000e+00
 3.67213744e-01 7.57930291e-02 4.00000000e+00 0.00000000e+00
 4.98701914e-01 8.64152420e-01 4.00000000e+00 0.00000000e+00
 1.47489055e-01 4.80876755e-03 4.00000000e+00 0.00000000e+00
 3.42043308e-01 3.76471517e-01 4.00000000e+00 0.00000000e+00
 7.83653769e-01 4.85703068e-01 4.00000000e+00 0.00000000e+00
 2.70422162e-01 3.78787677e-01 4.00000000e+00 0.00000000e+00
 5.46421727e-01 3.32118646e-02 4.00000000e+00 0.00000000e+00
 9.42426936e-01 6.16170088e-01 4.00000000e+00 0.00000000e+00
 1.32939967e-01 2.84597216e-01 4.00000000e+00 0.00000000e+00
 4.63416785e-01 5.86051437e-01 4.00000000e+00 0.00000000e+00
 6.02520482e-01 1.29283664e-01 4.00000000e+00 0.00000000e+00
 8.69915945e-01 9.74942366e-02 4.00000000e+00 0.00000000e+00
 5.00869913e-02 9.54859992e-01 4.00000000e+00 0.00000000e+00
 5.22973223e-01 1.72360829e-01 4.00000000e+00 0.00000000e+00
 4.56939987e-01 8.19091544e-01 4.00000000e+00 0.00000000e+00
 1.78696077e-01 5.00899804e-01 4.00000000e+00 0.00000000e+00
 7.94021759e-01 3.11034423e-02 4.00000000e+00 4.00000000e+00
 4.77456691e-01 1.07745877e-01 4.00000000e+00 4.00000000e+00
 7.24433881e-01 6.15210295e-01 4.00000000e+00 4.00000000e+00
 9.57545721e-01 9.63259366e-01 4.00000000e+00 4.00000000e+00
 1.09504161e-01 9.09415684e-01 4.00000000e+00 4.00000000e+00
 6.73834367e-01 3.68754053e-01 4.00000000e+00 4.00000000e+00
 3.23521993e-01 1.13454478e-01 4.00000000e+00 4.00000000e+00
 8.92753930e-01 8.44636904e-01 4.00000000e+00 4.00000000e+00
 2.22588293e-01 1.85987117e-01 4.00000000e+00 4.00000000e+00
 5.29847367e-01 4.71367700e-01 4.00000000e+00 4.00000000e+00
 4.56203487e-01 6.80742058e-01 4.00000000e+00 4.00000000e+00
 7.15954099e-01 3.09162459e-01 4.00000000e+00 4.00000000e+00
 5.55460938e-01 2.84911170e-01 4.00000000e+00 4.00000000e+00
 5.67649016e-01 9.03615430e-01 4.00000000e+00 4.00000000e+00
 4.73973288e-01 6.21122494e-01 4.00000000e+00 4.00000000e+00
 5.96331329e-01 8.62045121e-01 4.00000000e+00 4.00000000e+00
 1.68984802e-01 6.05941483e-01 4.00000000e+00 4.00000000e+00
 5.43788939e-01 6.12322384e-02 4.00000000e+00 4.00000000e+00
 7.98680598e-01 1.36369489e-01 4.00000000e+00 4.00000000e+00
 7.27089250e-01 8.15392788e-01 4.00000000e+00 4.00000000e+00
 4.07343292e-01 1.93824537e-01 4.00000000e+00 4.00000000e+00
 1.31535518e-01 3.80139942e-01 4.00000000e+00 4.00000000e+00
 9.86644991e-01 1.16121338e-01 4.00000000e+00 4.00000000e+00
 5.96075247e-01 6.29632137e-01 4.00000000e+00 4.00000000e+00
 4.39424741e-01 4.97495996e-01 4.00000000e+00 4.00000000e+00
 9.31212677e-01 9.88584009e-01 4.00000000e+00 4.00000000e+00
 2.20424880e-01 5.03640132e-01 4.00000000e+00 4.00000000e+00
 7.52011692e-01 1.20593298e-01 4.00000000e+00 4.00000000e+00
 6.84394261e-01 5.36090662e-01 4.00000000e+00 4.00000000e+00
 2.14807911e-01 9.80346328e-01 4.00000000e+00 4.00000000e+00
 4.69194673e-01 6.62428139e-01 4.00000000e+00 4.00000000e+00
 3.61800425e-01 3.68375312e-01 4.00000000e+00 4.00000000e+00
 6.69178995e-01 9.39982752e-01 4.00000000e+00 4.00000000e+00
 4.92166443e-01 5.59437581e-01 4.00000000e+00 4.00000000e+00
 2.94943926e-02 1.31269666e-01 4.00000000e+00 4.00000000e+00
 5.44131324e-01 1.60004479e-01 4.00000000e+00 4.00000000e+00
 1.06206058e-01 9.14915472e-01 4.00000000e+00 4.00000000e+00
 9.00825904e-02 2.63142496e-01 4.00000000e+00 4.00000000e+00
 9.48743607e-01 1.04109864e-01 4.00000000e+00 4.00000000e+00
 8.30206830e-01 5.47709343e-01 4.00000000e+00 4.00000000e+00
 4.19099905e-01 7.99023451e-01 4.00000000e+00 4.00000000e+00
 8.15726236e-01 2.66165331e-01 4.00000000e+00 4.00000000e+00
 7.04498902e-01 4.62372565e-01 4.00000000e+00 4.00000000e+00
 6.57413751e-01 9.92481191e-01 4.00000000e+00 4.00000000e+00
 4.82692349e-01 1.55965885e-01 4.00000000e+00 4.00000000e+00
 6.65549918e-01 5.01392388e-01 4.00000000e+00 4.00000000e+00
 2.32967367e-01 2.91742208e-01 4.00000000e+00 4.00000000e+00
 6.09030096e-01 9.79875889e-01 4.00000000e+00 4.00000000e+00
 1.64415483e-01 8.35151061e-01 4.00000000e+00 4.00000000e+00
 1.32443825e-01 7.95539208e-01 4.00000000e+00 4.00000000e+00
 2.79957993e-01 5.79978039e-01 4.00000000e+00 4.00000000e+00
 9.56768539e-01 4.90279100e-01 4.00000000e+00 4.00000000e+00
 3.99674517e-02 8.86104717e-01 4.00000000e+00 4.00000000e+00
 1.96012095e-01 2.59183673e-02 4.00000000e+00 4.00000000e+00
 9.34454314e-01 9.69272139e-01 4.00000000e+00 4.00000000e+00
 2.33867681e-01 7.75282688e-01 4.00000000e+00 4.00000000e+00
 9.38256113e-01 4.54533083e-01 4.00000000e+00 4.00000000e+00
 3.02304081e-01 9.89862781e-01 4.00000000e+00 4.00000000e+00
 5.12762066e-01 3.33869060e-01 4.00000000e+00 4.00000000e+00
 1.35020918e-01 3.51453497e-01 4.00000000e+00 4.00000000e+00
 8.19311569e-01 9.61473848e-01 4.00000000e+00 4.00000000e+00
 6.06728411e-01 5.69714381e-01 4.00000000e+00 4.00000000e+00
 3.58387823e-01 4.35490511e-01 4.00000000e+00 4.00000000e+00
 2.80611054e-01 1.40630521e-01 4.00000000e+00 4.00000000e+00
 4.78771198e-01 6.39100029e-01 4.00000000e+00 4.00000000e+00
 5.41489612e-01 9.30158419e-01 4.00000000e+00 4.00000000e+00
 4.29030473e-01 3.97533436e-01 4.00000000e+00 4.00000000e+00
 3.57171270e-01 5.64964366e-01 4.00000000e+00 4.00000000e+00
 8.79875596e-01 8.08741312e-01 4.00000000e+00 4.00000000e+00
 7.70297360e-01 5.06428474e-01 4.00000000e+00 4.00000000e+00
 1.59096044e-03 4.97154705e-01 4.00000000e+00 4.00000000e+00
 7.36691225e-01 4.71877194e-01 4.00000000e+00 4.00000000e+00
 4.02784845e-01 3.20596336e-01 4.00000000e+00 4.00000000e+00
 1.29363683e-01 4.67352234e-01 4.00000000e+00 4.00000000e+00
 7.64730250e-01 4.75125000e-01 4.00000000e+00 4.00000000e+00
 8.78055030e-02 8.00722438e-02 4.00000000e+00 4.00000000e+00
 8.99319870e-01 8.04784667e-01 4.00000000e+00 4.00000000e+00
 9.34046775e-01 1.85383997e-01 4.00000000e+00 4.00000000e+00
 5.79242483e-01 9.87463527e-01 4.00000000e+00 4.00000000e+00
 3.19603606e-01 1.70171452e-01 4.00000000e+00 4.00000000e+00
 4.60898234e-01 1.50910921e-01 4.00000000e+00 4.00000000e+00
 9.01818348e-01 1.24179556e-01 4.00000000e+00 4.00000000e+00
 8.80068054e-02 4.68113065e-01 4.00000000e+00 4.00000000e+00
 8.60454821e-01 7.99146040e-01 4.00000000e+00 4.00000000e+00
 8.14512234e-01 8.80870570e-01 4.00000000e+00 4.00000000e+00
 7.18560896e-01 9.71758516e-02 4.00000000e+00 4.00000000e+00
 7.28809923e-01 4.17306414e-01 4.00000000e+00 4.00000000e+00
 7.98935448e-01 2.77280028e-03 4.00000000e+00 4.00000000e+00
 8.19736940e-01 2.21018448e-01 4.00000000e+00 4.00000000e+00
 9.35691854e-01 9.24669264e-01 4.00000000e+00 4.00000000e+00
 2.35832387e-01 7.09280825e-01 4.00000000e+00 4.00000000e+00
 5.78523301e-01 8.27324737e-01 4.00000000e+00 4.00000000e+00
 3.12515936e-01 7.69208338e-01 4.00000000e+00 4.00000000e+00
 4.85147800e-02 4.30427426e-01 4.00000000e+00 4.00000000e+00
 4.92068273e-02 4.55006650e-01 4.00000000e+00 4.00000000e+00
 5.62061369e-01 9.03431853e-01 4.00000000e+00 4.00000000e+00
 7.56502949e-01 6.80330480e-01 4.00000000e+00 4.00000000e+00
 3.49064653e-01 4.96155140e-01 4.00000000e+00 4.00000000e+00
 9.94154816e-01 2.37932157e-01 4.00000000e+00 4.00000000e+00
 2.50139822e-01 1.56115870e-01 4.00000000e+00 4.00000000e+00
 5.02242920e-02 6.39794869e-01 4.00000000e+00 4.00000000e+00
 1.28311326e-02 2.17851690e-01 4.00000000e+00 4.00000000e+00
 5.68209775e-01 6.93441312e-01 4.00000000e+00 4.00000000e+00
 7.40961093e-01 6.66418921e-01 4.00000000e+00 4.00000000e+00
 5.97669755e-01 2.78777535e-02 4.00000000e+00 4.00000000e+00
 6.88460095e-02 1.50941865e-01 4.00000000e+00 4.00000000e+00
 2.88778556e-01 5.17708379e-01 4.00000000e+00 4.00000000e+00
 4.73050337e-01 5.32407749e-01 4.00000000e+00 4.00000000e+00
 6.61846614e-01 9.67245895e-01 4.00000000e+00 4.00000000e+00
 2.30713917e-01 5.14091490e-02 4.00000000e+00 4.00000000e+00
 6.83744908e-01 8.08075159e-01 4.00000000e+00 4.00000000e+00
 1.24012998e-01 8.19574899e-02 4.00000000e+00 4.00000000e+00
 6.80087781e-01 3.64673855e-01 4.00000000e+00 4.00000000e+00
 8.10090204e-01 8.83248671e-01 4.00000000e+00 4.00000000e+00
 2.70497855e-01 3.03157326e-01 4.00000000e+00 4.00000000e+00
 2.72492918e-01 4.67943227e-01 4.00000000e+00 4.00000000e+00
 2.62407072e-01 8.30842064e-01 4.00000000e+00 4.00000000e+00
 4.34130131e-01 9.01847741e-01 4.00000000e+00 4.00000000e+00
 9.67025202e-01 7.14983198e-02 4.00000000e+00 4.00000000e+00
 8.70707601e-01 7.88739444e-01 4.00000000e+00 4.00000000e+00
 4.87918173e-01 8.35598735e-01 4.00000000e+00 4.00000000e+00
 9.50831949e-01 2.04600617e-01 4.00000000e+00 4.00000000e+00
 5.03343003e-01 1.35438744e-01 4.00000000e+00 4.00000000e+00
 7.71335960e-01 6.38257742e-01 4.00000000e+00 4.00000000e+00
 4.15727063e-01 6.95631737e-01 4.00000000e+00 4.00000000e+00
 3.68471561e-01 6.75902057e-01 4.00000000e+00 4.00000000e+00
 6.90023257e-01 4.96586444e-01 4.00000000e+00 4.00000000e+00
 9.21407422e-01 2.60638418e-01 4.00000000e+00 4.00000000e+00
 9.69382269e-01 8.78782781e-01 4.00000000e+00 4.00000000e+00
 1.61822774e-01 6.63618572e-01 4.00000000e+00 4.00000000e+00
 5.75682871e-01 7.77892092e-01 4.00000000e+00 4.00000000e+00
 9.64032949e-01 9.51603972e-01 4.00000000e+00 4.00000000e+00
 7.49815587e-01 8.68849765e-01 4.00000000e+00 4.00000000e+00
 4.40546223e-01 9.03423410e-01 4.00000000e+00 4.00000000e+00
 8.37812530e-01 8.30887028e-01 4.00000000e+00 4.00000000e+00
 3.34996104e-01 5.48907235e-01 4.00000000e+00 4.00000000e+00
 2.18079112e-02 3.93112956e-01 4.00000000e+00 4.00000000e+00
 5.89296427e-01 3.57719471e-01 4.00000000e+00 4.00000000e+00
 6.19332150e-01 8.38311186e-01 4.00000000e+00 4.00000000e+00
 1.84877630e-01 9.16777642e-01 4.00000000e+00 4.00000000e+00
 8.72605339e-01 7.33738366e-01 4.00000000e+00 4.00000000e+00
 3.85255268e-01 9.98540217e-01 4.00000000e+00 4.00000000e+00
 5.58973291e-02 3.03728709e-02 4.00000000e+00 4.00000000e+00
 6.27979146e-01 2.26503970e-01 4.00000000e+00 4.00000000e+00
 7.91626824e-01 9.83434241e-01 4.00000000e+00 4.00000000e+00
 2.58144696e-01 6.83741256e-01 4.00000000e+00 4.00000000e+00
 7.00699020e-01 4.79215896e-01 4.00000000e+00 4.00000000e+00
 1.86676028e-01 1.20685828e-01 4.00000000e+00 4.00000000e+00
 7.45340782e-01 4.65590105e-01 4.00000000e+00 4.00000000e+00
 4.75027560e-01 1.39382228e-01 4.00000000e+00 4.00000000e+00
 1.03338566e-01 1.11751905e-01 4.00000000e+00 4.00000000e+00
 1.52354544e-02 3.37823845e-01 4.00000000e+00 4.00000000e+00
 8.74013866e-01 5.33969189e-01 4.00000000e+00 4.00000000e+00
 4.02391412e-01 8.17746813e-01 4.00000000e+00 4.00000000e+00
 3.32780735e-01 5.71369829e-01 4.00000000e+00 4.00000000e+00
 8.22078760e-03 6.97067480e-01 4.00000000e+00 4.00000000e+00
 5.03323054e-01 8.26067343e-01 4.00000000e+00 4.00000000e+00
 2.80076680e-01 5.48276118e-01 4.00000000e+00 4.00000000e+00
 5.62260702e-01 1.75997417e-01 4.00000000e+00 4.00000000e+00
 7.54500453e-01 6.03427264e-01 4.00000000e+00 4.00000000e+00
 6.05330701e-01 9.54423777e-01 4.00000000e+00 4.00000000e+00
 2.69379137e-01 1.40410251e-02 4.00000000e+00 4.00000000e+00
 5.01708061e-01 5.88609021e-01 4.00000000e+00 4.00000000e+00
 1.00782715e-01 2.63475226e-01 4.00000000e+00 4.00000000e+00
 4.43961534e-01 7.49474328e-01 4.00000000e+00 4.00000000e+00
 5.91287081e-02 1.58885849e-01 4.00000000e+00 4.00000000e+00
 5.04565882e-02 5.45964728e-01 4.00000000e+00 4.00000000e+00
 7.56861743e-01 8.34384236e-01 4.00000000e+00 4.00000000e+00
 2.45055994e-01 8.60052422e-01 4.00000000e+00 4.00000000e+00
 2.41193099e-01 7.15743199e-01 4.00000000e+00 4.00000000e+00
 8.28386301e-01 2.03050968e-01 4.00000000e+00 4.00000000e+00
 7.17216536e-01 6.39765934e-01 4.00000000e+00 4.00000000e+00
 1.09723442e-01 5.87632633e-01 4.00000000e+00 4.00000000e+00
 5.36456388e-01 2.67850817e-01 4.00000000e+00 4.00000000e+00
 5.39648107e-01 5.98362356e-01 4.00000000e+00 4.00000000e+00
 4.73967102e-01 8.99409262e-01 4.00000000e+00 4.00000000e+00
 9.11314244e-01 7.46865391e-02 4.00000000e+00 4.00000000e+00
 6.99736658e-02 5.30193879e-01 4.00000000e+00 4.00000000e+00
 9.53863075e-01 1.73860395e-01 4.00000000e+00 4.00000000e+00
 2.67884040e-02 6.27525804e-01 4.00000000e+00 4.00000000e+00
 4.65996538e-01 4.43412295e-01 4.00000000e+00 4.00000000e+00
 4.44935597e-01 3.81879301e-01 4.00000000e+00 4.00000000e+00
 5.69467656e-02 7.65975851e-02 4.00000000e+00 4.00000000e+00
 4.89147153e-01 6.36745737e-01 4.00000000e+00 4.00000000e+00
 8.84334052e-01 6.11918351e-01 4.00000000e+00 4.00000000e+00
 8.89169639e-01 5.15367644e-01 4.00000000e+00 4.00000000e+00
 2.45974598e-01 3.22295540e-01 4.00000000e+00 4.00000000e+00
 9.36011153e-01 1.82515162e-01 4.00000000e+00 4.00000000e+00
 2.70998901e-01 8.38851585e-01 4.00000000e+00 4.00000000e+00
 7.53750955e-01 8.77028493e-01 4.00000000e+00 4.00000000e+00
 8.95306207e-01 3.43414784e-01 4.00000000e+00 4.00000000e+00
 2.17293577e-01 2.26339564e-01 4.00000000e+00 4.00000000e+00
 6.02372772e-01 6.75738116e-02 4.00000000e+00 4.00000000e+00
 9.69019263e-01 3.71220997e-01 4.00000000e+00 4.00000000e+00
 3.39138313e-01 5.43608868e-01 4.00000000e+00 4.00000000e+00
 7.08815146e-01 6.54497864e-01 4.00000000e+00 4.00000000e+00
 5.82407172e-01 9.99903438e-01 4.00000000e+00 4.00000000e+00
 7.55638841e-01 2.24514738e-01 4.00000000e+00 4.00000000e+00
 3.77784469e-02 6.98109151e-01 4.00000000e+00 4.00000000e+00
 3.18081281e-01 6.04867067e-01 4.00000000e+00 4.00000000e+00
 8.52918359e-01 8.20302017e-02 4.00000000e+00 4.00000000e+00
 8.92301607e-01 4.59909320e-01 4.00000000e+00 4.00000000e+00
 7.22136169e-01 2.00938121e-01 4.00000000e+00 4.00000000e+00
 6.68933878e-01 4.47807690e-01 4.00000000e+00 4.00000000e+00
 4.22126937e-01 5.64365755e-02 4.00000000e+00 4.00000000e+00
 3.82977656e-01 8.51105120e-01 4.00000000e+00 4.00000000e+00
 8.13607224e-02 7.92995860e-01 4.00000000e+00 4.00000000e+00
 3.28726712e-01 9.28382039e-02 4.00000000e+00 4.00000000e+00
 7.37603969e-01 5.23642677e-01 4.00000000e+00 4.00000000e+00
 9.51376177e-02 5.21084796e-02 4.00000000e+00 4.00000000e+00
 4.37573705e-01 4.84355496e-01 4.00000000e+00 4.00000000e+00
 1.89812048e-01 1.80917341e-01 4.00000000e+00 4.00000000e+00
 3.30676694e-01 1.12517320e-01 4.00000000e+00 4.00000000e+00
 9.93294535e-01 2.99771728e-02 4.00000000e+00 4.00000000e+00
 7.76575477e-01 9.68453691e-01 4.00000000e+00 4.00000000e+00
 6.24843274e-01 7.05379762e-01 4.00000000e+00 4.00000000e+00
 4.69956456e-02 7.25002358e-01 4.00000000e+00 4.00000000e+00
 9.28278699e-01 8.72183975e-01 4.00000000e+00 4.00000000e+00
 4.60954507e-01 8.99694572e-02 4.00000000e+00 4.00000000e+00
 9.47872939e-01 8.87276358e-01 4.00000000e+00 4.00000000e+00
 6.96443011e-01 1.97136168e-01 4.00000000e+00 4.00000000e+00
 2.76594321e-01 5.06894991e-01 4.00000000e+00 4.00000000e+00
 6.35370389e-01 6.11943829e-01 4.00000000e+00 4.00000000e+00
 2.71779619e-01 1.18501262e-01 4.00000000e+00 4.00000000e+00
 6.78902500e-01 4.75649346e-01 4.00000000e+00 4.00000000e+00
 2.29228905e-01 1.01860476e-01 4.00000000e+00 4.00000000e+00
 5.86453052e-02 6.11149687e-01 4.00000000e+00 4.00000000e+00
 5.00351661e-02 8.84300298e-01 4.00000000e+00 4.00000000e+00
 3.27778318e-01 4.23341215e-01 4.00000000e+00 4.00000000e+00
 6.39999711e-01 6.99293010e-01 4.00000000e+00 4.00000000e+00
 7.73680835e-01 4.24582302e-01 4.00000000e+00 4.00000000e+00
 4.07368375e-01 7.91604669e-01 4.00000000e+00 4.00000000e+00
 4.10108196e-01 3.70549120e-01 4.00000000e+00 4.00000000e+00
 4.17467236e-01 8.39238547e-01 4.00000000e+00 4.00000000e+00
 3.14685245e-01 8.46830275e-01 4.00000000e+00 4.00000000e+00
 8.80438064e-01 9.74747300e-01 4.00000000e+00 4.00000000e+00
 1.28533285e-02 7.55130102e-01 4.00000000e+00 4.00000000e+00
 4.59169167e-01 7.27643216e-01 4.00000000e+00 4.00000000e+00
 9.06009562e-02 2.27515358e-01 4.00000000e+00 4.00000000e+00
 4.55706974e-01 8.84111411e-01 4.00000000e+00 4.00000000e+00
 3.99133285e-01 6.07848577e-01 4.00000000e+00 4.00000000e+00
 9.54761725e-01 1.20789920e-01 4.00000000e+00 4.00000000e+00
 4.32052492e-01 1.28518708e-01 4.00000000e+00 4.00000000e+00
 4.94477039e-03 7.47260391e-01 4.00000000e+00 4.00000000e+00
 9.16693392e-01 7.87338419e-01 4.00000000e+00 4.00000000e+00
 8.52361613e-01 3.79130218e-04 4.00000000e+00 4.00000000e+00
 3.62388839e-01 9.01759530e-01 4.00000000e+00 4.00000000e+00
 3.80641687e-01 1.58214003e-01 4.00000000e+00 4.00000000e+00
 1.64399325e-01 5.15613420e-01 4.00000000e+00 4.00000000e+00
 9.99666091e-02 9.59796427e-01 4.00000000e+00 4.00000000e+00
