 1.70280177e-01 -4.06996087e-02 -9.84554825e-01
 6.10388165e-02 4.55621277e-01 8.88078552e-01
 4.42436089e-01 2.27964094e-02 8.96510252e-01
 4.18570156e-02 -3.22987672e-01 9.45477104e-01
 1.35737238e-01 -1.32344307e-01 -9.81865768e-01
 6.74876019e-01 4.07340285e-01 6.15318008e-01
 5.31741303e-01 8.33781308e-01 1.48525812e-01
 3.36061966e-02 7.62487904e-01 -6.46129104e-01
 2.17995019e-01 3.97808153e-02 -9.75138789e-01
 7.65447087e-01 6.33072697e-01 -1.15367745e-01
 5.00397774e-01 7.85937189e-01 3.63187008e-01
 2.01704701e-01 -6.29157425e-01 -7.50650483e-01
 1.16269898e-01 5.27052732e-01 8.41841273e-01
 2.88916860e-01 5.93271183e-01 -7.51369650e-01
 1.34042007e-01 -9.14095264e-01 -3.82704310e-01
 7.26313627e-01 -1.05855319e-01 6.79163578e-01
 8.80778872e-01 1.39883942e-01 4.52394806e-01
 7.15522900e-01 4.98153546e-01 4.89765274e-01
 4.67737745e-01 -2.70345507e-01 8.41507403e-01
 6.87822470e-01 6.81619731e-01 2.49589247e-01
 5.13907077e-01 -5.36152529e-01 -6.69656615e-01
 5.65419922e-01 1.83806516e-01 8.04061861e-01
 7.49747504e-01 -1.66399471e-01 6.40460691e-01
 5.68124011e-01 7.91006481e-01 -2.27032717e-01
 2.35750682e-01 9.26984469e-01 2.91755737e-01
 1.67959389e-01 3.25446251e-01 9.30523713e-01
 2.50893415e-01 4.88635576e-02 9.66780661e-01
 7.19204658e-01 4.50362151e-01 -5.29073334e-01
 7.38695228e-01 6.36003549e-01 2.23223755e-01
 5.51094983e-01 6.65365292e-01 5.03570599e-01
 4.59027531e-01 8.81239334e-01 -1.12742902e-01
 8.47248458e-01 3.69011660e-01 -3.82100045e-01
 7.23746645e-01 -6.19364444e-01 3.04267117e-01
 9.83971720e-01 7.89901815e-02 -1.59875595e-01
 4.17703593e-01 6.29480572e-01 -6.55193039e-01
 2.00134223e-01 -3.39864778e-01 -9.18933200e-01
 5.52389406e-02 4.40748998e-01 -8.95929116e-01
 8.52041611e-01 -2.36515744e-01 4.66996142e-01
 4.38041108e-01 -4.78143557e-01 -7.61248138e-01
 8.83892551e-01 4.33395250e-01 1.75791115e-01
 6.37882466e-02 -7.04721273e-01 7.06610916e-01
 2.26367056e-01 -6.54819670e-01 7.21088869e-01
 1.46624158e-01 -2.94916192e-02 9.88752548e-01
 3.24627298e-01 -8.95374530e-01 3.04830392e-01
 7.03776732e-01 8.92786648e-02 7.04789069e-01
 9.57450679e-01 2.39980747e-01 -1.60304207e-01
 4.00272346e-01 -6.37378970e-01 -6.58430025e-01
 3.80853984e-01 9.26417977e-02 9.19982467e-01
 9.26584608e-01 3.57434146e-01 1.16969207e-01
 8.81922298e-02 9.75799428e-01 -2.00093996e-01
 1.81641382e-01 -4.64037344e-01 8.66992359e-01
 2.12856559e-01 -3.41296990e-01 9.15537247e-01
 2.53887934e-01 -5.62413152e-01 7.86913187e-01
 2.27831683e-01 -8.13207726e-01 -5.35523967e-01
 6.07256704e-02 -9.97476461e-01 3.67845500e-02
 2.87059710e-01 -5.36167140e-01 7.93801941e-01
 1.28076862e-01 -8.90009765e-01 4.37583062e-01
 9.05827398e-01 -2.03639357e-02 4.23157223e-01
 6.13757529e-01 2.34421123e-01 7.53888873e-01
 6.99508749e-01 7.03646622e-01 -1.24775562e-01
 4.49075196e-01 7.74889555e-01 -4.44834402e-01
 2.90434050e-01 -1.75453041e-01 -9.40672256e-01
 5.15747462e-01 -7.99118709e-01 -3.08891315e-01
 4.17248615e-01 1.55906719e-01 8.95319322e-01
 5.27985312e-01 -4.45094182e-01 7.23272203e-01
 1.33193221e-01 -9.76694363e-01 1.68308309e-01
 1.81691521e-01 -9.75240894e-01 -1.26068985e-01
 6.17977493e-01 -5.69282754e-01 5.42236999e-01
 5.73267802e-01 6.16766266e-01 -5.39410233e-01
 7.64096127e-01 1.26528648e-01 6.32572217e-01
 3.30695655e-01 6.80017683e-01 6.54382407e-01
 2.80055644e-01 1.93331261e-01 -9.40314766e-01
 4.25097701e-01 7.48712195e-01 5.08647220e-01
 9.99655624e-01 -2.49295140e-02 8.19463909e-03
 2.50568700e-01 -4.99448981e-02 9.66809616e-01
 4.61261413e-01 3.43622911e-01 -8.18022741e-01
 2.24811073e-01 -8.38194059e-01 4.96880974e-01
 1.16579222e-01 -9.65936092e-01 -2.31034092e-01
 6.77580059e-01 6.06518431e-01 4.15957519e-01
 8.82029793e-01 -3.64992921e-01 -2.97999348e-01
 4.38584971e-01 -4.18345053e-02 -8.97715488e-01
 4.02915027e-01 5.46732619e-01 -7.33991093e-01
 1.93322991e-01 1.24663989e-01 -9.73182979e-01
 1.71820936e-01 7.19410484e-01 -6.72997862e-01
 9.59277004e-01 5.06045858e-02 2.77897114e-01
 4.33074340e-01 8.95860710e-01 9.93992164e-02
 5.56880919e-01 -7.51021379e-01 3.54754182e-01
 5.92894453e-01 -7.08498270e-01 3.82761503e-01
 3.69733980e-01 -8.93332941e-01 2.55446746e-01
 3.92590392e-01 2.83117141e-01 8.75052838e-01
 1.34544981e-01 -2.04611723e-01 9.69552315e-01
 5.05899002e-01 3.79420921e-01 7.74665066e-01
 1.17294544e-01 9.92102230e-01 -4.44427237e-02
 1.49242610e-01 9.66918158e-01 -2.06871746e-01
 3.70075377e-01 8.36119477e-01 -4.04905465e-01
 8.95193792e-01 4.44695043e-01 -2.95701459e-02
 1.60587166e-01 9.31234745e-01 -3.27129351e-01
 9.29972401e-01 1.98242769e-01 -3.09598348e-01
 9.05715743e-01 -3.49050361e-01 2.40505383e-01
 7.24442934e-01 3.69338908e-01 -5.82040554e-01
 9.86425345e-01 2.42995956e-02 -1.62402488e-01
 4.91391026e-01 -7.99652167e-01 3.45096032e-01
 9.60076719e-01 -2.06965656e-01 1.88196468e-01
 8.44277232e-01 -2.55599976e-01 -4.71025061e-01
 4.73032626e-01 -2.23675013e-01 8.52179337e-01
 1.50841927e-01 -9.85636762e-01 -7.59400155e-02
 1.29439360e-01 -9.89090057e-01 -7.03300177e-02
 5.16826770e-01 -3.00570264e-01 8.01590672e-01
 6.02917425e-01 -5.83089905e-01 5.44515144e-01
 7.70002551e-01 -6.29707462e-01 -1.02784159e-01
 4.07518822e-02 -7.40040631e-01 -6.71326410e-01
 9.99759708e-02 -8.94290522e-01 -4.36175730e-01
 4.25540811e-01 -7.14270588e-01 5.55637063e-01
 4.34293661e-01 2.88952429e-01 -8.53167926e-01
 6.59773962e-01 -6.26000129e-03 7.51438042e-01
 1.91271287e-01 3.97793764e-01 8.97315672e-01
 8.99268163e-01 3.16960285e-01 -3.01418228e-01
 3.28273263e-01 -9.43128133e-01 -5.24021948e-02
 3.61444221e-02 -9.49125933e-01 3.12815511e-01
 1.41417025e-01 -5.04660408e-01 -8.51656679e-01
 9.12034876e-02 -3.15882750e-01 -9.44404581e-01
 9.41630908e-01 9.59376203e-02 -3.22687474e-01
 3.68420542e-02 5.86127870e-01 8.09380493e-01
 9.63719642e-01 1.80332376e-01 1.96785886e-01
 2.12836855e-01 -7.59080746e-01 6.15221012e-01
 3.20086672e-01 5.37784190e-01 7.79956850e-01
 7.31977797e-01 4.57289686e-01 -5.05068954e-01
 1.43996181e-01 7.69484373e-01 6.22220941e-01
 3.02661777e-01 6.10678221e-01 -7.31756762e-01
 5.36852370e-01 -3.81850535e-01 7.52316225e-01
 4.86485423e-01 8.35992165e-01 -2.53868142e-01
 7.36967580e-01 -1.76472570e-01 6.52484649e-01
 4.11190155e-01 -8.76282760e-01 -2.51099941e-01
 3.23613122e-01 -7.23601679e-01 6.09651669e-01
 3.85912501e-01 -7.39885976e-01 -5.51035647e-01
 1.95979584e-01 9.62977273e-01 -1.85112869e-01
 5.50403319e-01 -2.84134059e-01 -7.85063069e-01
 7.24971168e-01 6.29934440e-01 2.78566701e-01
 5.64115509e-01 6.01489086e-01 -5.65671788e-01
 6.82931637e-01 -6.57755126e-02 7.27514922e-01
 9.17817892e-02 -6.70116516e-01 7.36559542e-01
 3.85812299e-01 -1.45401957e-01 9.11047277e-01
 5.93898256e-02 9.97686869e-01 -3.30720460e-02
 9.23700116e-01 -3.82396185e-01 2.34787852e-02
 8.42420525e-01 4.86535423e-01 2.31540367e-01
 6.03617487e-01 -2.92850824e-01 7.41541856e-01
 2.81498967e-01 -9.26594666e-01 -2.49360495e-01
 8.00751151e-01 1.76277664e-01 5.72471641e-01
 1.53741940e-01 -7.34664519e-01 -6.60780948e-01
 3.93862196e-01 -1.49801507e-01 -9.06880410e-01
 4.21803992e-02 6.56711789e-01 7.52961115e-01
 2.50619792e-01 -9.61488436e-01 1.12826008e-01
 8.54122064e-01 3.14408897e-01 -4.14273515e-01
 7.32537441e-01 -2.71630758e-01 6.24183970e-01
 4.76804482e-01 -3.55991053e-02 -8.78288215e-01
 6.31309482e-01 -6.04370102e-01 4.85988804e-01
 1.17413357e-01 -3.88814527e-01 -9.13803790e-01
 9.61805607e-01 -5.93801802e-02 2.67215211e-01
 1.11568620e-01 -9.88009188e-01 -1.06725285e-01
 7.13300638e-01 2.88499140e-01 -6.38725642e-01
 4.63814760e-01 -5.00696952e-01 -7.30875113e-01
 4.16576140e-01 8.51811600e-01 -3.17618195e-01
 6.35911066e-01 -7.68732312e-01 6.83209253e-02
 9.01269540e-02 -2.04042266e-02 9.95721246e-01
 5.93331035e-01 7.81340265e-01 -1.93560515e-01
 2.77728278e-01 -4.95687782e-02 9.59379977e-01
 2.11851981e-01 7.40673775e-01 6.37590069e-01
 9.62757472e-01 2.69659073e-01 1.95456900e-02
 1.86959197e-01 -7.04326179e-01 6.84814494e-01
 9.92353120e-01 -3.73219199e-02 -1.17653556e-01
 2.26745468e-01 -4.06493596e-01 8.85070307e-01
 3.84068235e-01 5.18485206e-01 -7.63979504e-01
 2.83464289e-01 9.58760265e-01 2.06579442e-02
 8.43051327e-01 2.72497634e-01 -4.63691167e-01
 6.21768505e-01 5.16664916e-01 -5.88609625e-01
 3.19390728e-01 -3.13897000e-01 -8.94124284e-01
 9.64359195e-01 3.91088691e-02 2.61690349e-01
 8.34039613e-01 -5.25020128e-01 1.69504539e-01
 5.64814588e-01 3.79138440e-01 -7.32965569e-01
 1.02213499e-01 -7.89955340e-01 6.04584949e-01
 6.17487993e-01 7.86567763e-01 -4.44212778e-03
 9.69995182e-01 -2.18987599e-01 1.05611449e-01
 4.88675150e-01 8.26680259e-01 -2.78919963e-01
 4.96364782e-01 -6.51029793e-01 5.74266673e-01
 5.91860088e-01 4.94827145e-01 -6.36276459e-01
 7.28085744e-01 -4.90139521e-01 -4.79222703e-01
 7.60067814e-01 3.75485021e-01 -5.30384687e-01
 9.27134952e-02 -9.15948341e-01 -3.90439297e-01
 6.41435200e-01 5.36755801e-01 -5.48136931e-01
 1.31423690e-01 6.43760217e-01 -7.53857146e-01
 6.22753128e-01 -5.40897643e-01 -5.65339086e-01
 4.37604363e-02 9.36635264e-01 -3.47562091e-01
 7.12595496e-01 -3.59061568e-01 -6.02729167e-01
 9.74983587e-01 1.36954078e-01 -1.75073084e-01
 2.17331910e-01 1.48549015e-01 9.64727957e-01
 4.27328596e-02 -9.77909809e-01 2.04612581e-01
 4.63602328e-01 1.18357906e-01 -8.78102663e-01
 5.32336736e-01 -8.05431875e-01 2.60570709e-01
 7.03747526e-01 9.52600845e-02 7.04034755e-01
 7.99930827e-01 -5.91734567e-01 9.98041809e-02
 5.40016609e-01 -6.54141311e-01 -5.29604765e-01
 1.09056611e-01 1.30409930e-01 9.85444014e-01
 5.76256076e-01 1.41399545e-01 8.04944162e-01
 5.50263176e-01 -5.99751208e-01 5.80955183e-01
 3.64851900e-01 1.62985512e-01 -9.16689050e-01
 3.95104835e-01 9.18587284e-01 9.46423333e-03
 7.12886937e-01 -5.52687506e-01 4.31658124e-01
 1.87420017e-01 -8.60727017e-01 -4.73310405e-01
 9.35959309e-01 3.41796402e-01 -8.45895446e-02
 8.53339247e-01 -2.07844128e-01 4.78134863e-01
 1.10382448e-01 9.80492789e-01 1.62633345e-01
 4.32464220e-01 -8.97209161e-01 -8.93891535e-02
 5.61433080e-01 -7.62486638e-01 -3.21569624e-01
 2.03783458e-01 9.31802618e-01 -3.00360091e-01
 3.41867928e-01 -8.71058430e-01 3.52680495e-01
 5.51339089e-01 -2.50129690e-02 -8.33906206e-01
 6.10846546e-01 7.73493354e-01 1.69040022e-01
 7.75300067e-02 -7.22447462e-01 6.87065326e-01
 4.43335987e-01 3.88132106e-01 -8.07964523e-01
 1.12402401e-02 5.16396991e-01 8.56275542e-01
 1.41889735e-01 1.91653130e-02 9.89696920e-01
 2.64895007e-01 1.34990915e-01 -9.54781696e-01
 7.29220881e-02 -9.90825073e-01 -1.13789475e-01
 8.40464851e-01 2.05611287e-01 5.01341035e-01
 3.78868922e-01 -3.03057814e-01 -8.74422267e-01
 5.71828280e-01 1.36803068e-01 -8.08886480e-01
 7.16792191e-01 6.92261201e-01 -8.35666532e-02
 5.37625399e-02 7.40723724e-01 6.69655100e-01
 5.11431706e-01 -7.79389871e-02 -8.55782171e-01
 9.04167134e-01 1.49319242e-01 -4.00231880e-01
 8.14689397e-01 3.11271531e-01 -4.89276222e-01
 3.74217275e-01 -9.24931076e-01 6.68126921e-02
 2.43451637e-01 -9.14394430e-01 3.23441072e-01
 6.59746639e-01 -1.95668880e-01 -7.25567407e-01
 3.97484462e-01 -8.76474431e-01 -2.71659113e-01
 9.05620056e-01 2.84773206e-01 3.14255525e-01
 5.65142657e-01 -5.08478491e-02 -8.23424723e-01
 5.10199282e-01 -6.55993723e-01 -5.56209429e-01
 4.82526627e-01 8.75512679e-01 -2.54087387e-02
 7.48037904e-01 5.13906353e-01 4.19928035e-01
 5.43712510e-01 -4.42065825e-01 -7.13410480e-01
 2.98258450e-01 9.49424156e-01 9.81614395e-02
 3.55476766e-01 2.60072286e-01 -8.97774290e-01
 5.66053677e-01 -2.72574093e-01 7.78001670e-01
 1.53051337e-01 -7.42996977e-01 6.51560266e-01
 7.34164999e-01 -4.57867944e-01 5.01356860e-01
 8.30245674e-01 -5.29642430e-01 -1.73698060e-01
 2.22378449e-01 -7.94424305e-01 5.65188330e-01
 8.47419175e-01 -5.27500381e-01 6.02004196e-02
 9.17677173e-01 -3.93912916e-01 5.19732625e-02
 8.76172611e-01 -4.80410156e-01 3.90850008e-02
 5.09632169e-01 -6.40239653e-01 5.74776687e-01
 7.91870200e-01 3.34476610e-01 -5.10947143e-01
 8.15150123e-01 1.41038335e-01 -5.61817110e-01
 1.82524006e-01 5.07896090e-01 -8.41858984e-01
 9.98606437e-01 5.00803251e-02 1.66476956e-02
 6.86877932e-01 -3.85041774e-01 6.16393980e-01
 7.61006407e-02 9.66862612e-01 2.43691162e-01
 5.32862333e-01 2.78992711e-01 -7.98887227e-01
 6.00922281e-01 6.80992962e-01 4.18498503e-01
 9.79143705e-01 -2.00184590e-01 3.46948812e-02
 2.23983023e-01 -4.79372781e-01 -8.48547784e-01
 1.12628329e-01 2.24066758e-01 -9.68043877e-01
 3.03711247e-01 -6.83713563e-01 6.63547467e-01
 2.50746169e-01 7.95197646e-01 5.52075233e-01
 5.03062608e-01 -8.62301208e-01 5.80055131e-02
 6.51467245e-02 -3.70889726e-01 -9.26389073e-01
 4.29159263e-01 -8.77908078e-01 2.12366980e-01
 9.75321710e-01 -7.66070907e-02 2.07072249e-01
 8.70982836e-01 -3.08498349e-01 3.82384189e-01
 6.38106770e-01 5.98145913e-01 4.84810497e-01
 4.17312085e-01 -8.71758369e-01 -2.56686520e-01
 6.36110679e-01 -1.32406132e-02 -7.71484213e-01
 6.65828070e-01 -7.09353575e-01 -2.31280103e-01
 9.11063994e-01 1.41488184e-02 -4.12022098e-01
 6.69989271e-01 -2.62998432e-02 7.41904775e-01
 6.22441890e-01 6.60784288e-01 -4.19440363e-01
 3.46861765e-01 2.59765073e-01 9.01226399e-01
 3.45245884e-01 8.98114441e-01 -2.72388931e-01
 6.82900469e-01 -2.76775166e-01 -6.76049153e-01
 5.48381073e-01 -7.98454784e-03 8.36190436e-01
 1.35745628e-01 -6.89768366e-01 7.11191061e-01
 2.12173394e-01 6.46149675e-01 7.33125534e-01
 3.44551822e-01 6.63515580e-01 -6.64101737e-01
 5.95465360e-02 7.49364036e-01 -6.59475361e-01
 7.97090002e-01 4.95372108e-01 3.45331728e-01
 5.69371894e-01 6.23661929e-01 -5.35594478e-01
 4.56779100e-01 -1.07392045e-01 8.83074064e-01
 1.97468383e-01 -6.62105336e-01 -7.22926526e-01
 6.54409960e-01 7.09175771e-01 2.62330573e-01
 2.46712144e-03 8.04914989e-01 5.93385013e-01
 6.96243766e-01 7.16683279e-01 4.01210151e-02
 2.93190520e-01 -5.47468561e-02 9.54485254e-01
 2.15444219e-01 7.24736341e-01 6.54477673e-01
 7.30002634e-01 5.61807662e-01 -3.89189292e-01
 3.30079024e-02 4.28958803e-01 9.02720789e-01
 3.04656720e-01 8.67828153e-01 -3.92502967e-01
 4.17134272e-01 7.65146031e-01 -4.90459529e-01
 1.99043313e-01 -9.66664472e-01 1.61063832e-01
 6.23776583e-01 -5.55126902e-01 -5.50215319e-01
 1.73865183e-01 8.58277190e-01 4.82836580e-01
 5.76360999e-01 -1.29710896e-01 -8.06835226e-01
 5.77630439e-01 7.70130055e-01 -2.70634024e-01
 7.70050421e-01 -1.62309340e-01 6.16991109e-01
 8.76677965e-01 -4.18534246e-01 2.37202087e-01
 2.93825745e-01 5.92680482e-01 -7.49930849e-01
 3.98678897e-01 -8.19002923e-01 4.12661300e-01
 5.27850395e-01 6.54278726e-01 -5.41565610e-01
 5.31237318e-01 -7.06945650e-01 -4.66920506e-01
 9.94986373e-01 9.85811251e-02 -1.68487110e-02
 6.36331276e-01 3.80006829e-01 6.71325046e-01
 2.58319587e-02 -9.52873934e-03 9.99620885e-01
 4.20394010e-01 -1.22567351e-01 -8.99025095e-01
 5.78240172e-01 -6.26427719e-01 -5.22710834e-01
 6.17732499e-01 7.81607642e-01 -8.65797585e-02
 3.88894019e-01 -9.02651048e-01 1.84343504e-01
 6.12991907e-01 5.84727171e-01 5.31352103e-01
 7.99233949e-01 5.69846715e-01 1.91049249e-01
 5.18924791e-01 -1.08549070e-01 -8.47899853e-01
 3.39550367e-01 -6.53426519e-01 -6.76564359e-01
 6.69654130e-01 3.29169560e-01 6.65740750e-01
 2.34822030e-01 8.40871618e-01 -4.87640786e-01
 8.83113610e-01 3.49908267e-01 -3.12529289e-01
 3.42951469e-01 -9.34429814e-01 9.60479745e-02
 8.74211858e-01 3.81280688e-01 3.00630445e-01
 6.03628573e-01 -7.51079212e-01 -2.67418329e-01
 8.11198994e-02 9.91995313e-01 -9.67722094e-02
 6.55447008e-01 4.39922132e-01 -6.13887397e-01
 9.77989971e-01 -1.16766740e-01 -1.72919476e-01
 3.02299841e-01 2.57916969e-03 9.53209397e-01
 4.49941369e-01 -6.29828294e-01 -6.33142231e-01
 9.78777082e-01 -1.54211544e-01 1.34960080e-01
 8.55929273e-01 2.94272369e-01 -4.25192724e-01
 5.68177766e-02 9.21765125e-01 -3.83563285e-01
 3.10179134e-01 7.96120336e-01 5.19597263e-01
 1.67336729e-01 3.73971917e-01 9.12218956e-01
 6.24594909e-01 6.90027830e-01 3.65708618e-01
 9.85365715e-01 -1.35653434e-01 1.03211209e-01
 4.85672034e-01 -8.31202030e-01 2.70602772e-01
 2.99699726e-01 9.53964067e-01 1.15166743e-02
 6.10141020e-01 -3.59720770e-01 7.05924148e-01
 5.95700071e-01 -8.03132591e-01 -1.09300587e-02
 4.25044016e-01 8.49463778e-01 3.12648164e-01
 3.95336978e-01 9.02320643e-01 1.71831695e-01
 4.42492635e-01 -5.07087428e-01 7.39636809e-01
 9.76483519e-01 -1.89812782e-01 1.02230347e-01
 1.30138443e-03 -5.78727358e-01 8.15520050e-01
 8.18795973e-01 6.09065982e-02 -5.70844585e-01
 2.71538998e-01 -9.32941860e-01 -2.36402322e-01
 5.06666685e-01 8.55024142e-01 -1.10555810e-01
 3.46962820e-01 7.01501089e-01 6.22505441e-01
 5.65341843e-01 -8.23686455e-01 -4.39229304e-02
 2.57332168e-01 8.78133474e-01 4.03313472e-01
 6.85073586e-02 -7.09165858e-01 7.01705442e-01
 6.55260796e-01 -6.77282806e-01 3.34546394e-01
 5.26959888e-01 -7.64108699e-01 -3.72090274e-01
 3.39482598e-01 -4.92464284e-01 8.01392846e-01
 3.60127816e-01 8.49354581e-01 3.85881784e-01
 4.64891965e-01 8.32115911e-01 -3.02421182e-01
 7.78479398e-02 -2.92990453e-01 9.52940865e-01
 2.53117078e-01 8.35101031e-01 4.88403534e-01
 8.52534687e-01 -1.10019323e-01 -5.10960229e-01
 8.18615119e-01 -5.48689444e-01 1.69732675e-01
 9.63318478e-01 -2.13128603e-01 -1.63075776e-01
 9.40030340e-02 6.46905776e-01 7.56753821e-01
 5.55775438e-01 -5.28134813e-01 -6.42018132e-01
 9.98083242e-01 -6.10593178e-03 -6.15837551e-02
 3.78437870e-01 -7.70080913e-01 5.13575862e-01
 2.36915626e-01 -1.47044454e-01 9.60337917e-01
 3.86506451e-01 -8.10180534e-01 -4.40704283e-01
 1.44726629e-01 -6.96520571e-01 -7.02789654e-01
 5.20391765e-01 4.35969933e-02 -8.52813996e-01
 6.32280892e-01 3.35191719e-01 -6.98475043e-01
 1.13969778e-01 -1.59109974e-01 9.80660444e-01
 1.00700644e-01 6.96989174e-01 -7.09975683e-01
 6.85805005e-02 7.89483001e-01 6.09928936e-01
 7.85151199e-02 6.27346145e-01 -7.74772347e-01
 6.85371507e-03 -9.25248101e-01 3.79300644e-01
 5.92029432e-01 3.60966835e-01 7.20558183e-01
 1.87575372e-01 3.34335338e-01 -9.23599135e-01
 8.08012509e-01 -9.71004864e-02 -5.81108665e-01
 6.05803356e-01 -2.85657243e-01 7.42564632e-01
 8.92629382e-01 -3.59150477e-01 2.72440307e-01
 1.64121347e-01 -9.78858573e-01 1.22065873e-01
 1.82698683e-01 -2.85916321e-01 9.40676910e-01
 5.49078530e-01 -7.16410476e-01 4.30428620e-01
 4.12482326e-02 8.16588582e-01 -5.75744449e-01
 6.61255843e-01 -7.49820073e-01 2.25957434e-02
 2.54059908e-01 2.14216256e-01 9.43167514e-01
 7.71453553e-01 4.31362436e-01 -4.67745512e-01
 6.64773530e-01 4.58926137e-01 5.89459883e-01
 7.52943250e-01 -6.08133937e-01 -2.51494687e-01
 3.25341649e-01 -1.95052840e-01 9.25260613e-01
 7.42920155e-01 -9.71080589e-02 -6.62298776e-01
 9.98143485e-01 9.82891815e-03 6.01080300e-02
 4.86844226e-01 3.78852242e-01 -7.87053796e-01
 2.97691249e-01 -4.89889737e-01 -8.19382674e-01
 2.01323105e-01 -2.09233758e-01 -9.56917051e-01
 4.19982457e-02 -1.20834514e-01 -9.91783831e-01
 7.73203702e-02 9.94533261e-01 -7.01794406e-02
 8.06938676e-01 1.47353018e-02 -5.90451390e-01
 5.78693528e-01 -2.78934511e-01 7.66361103e-01
 4.09043335e-02 5.90234674e-01 8.06194682e-01
 9.64507377e-01 1.18554736e-01 -2.35945534e-01
 5.05939878e-01 -6.10413527e-01 6.09442504e-01
 1.70554578e-01 8.72558507e-01 4.57769362e-01
 8.96459659e-01 -9.72541469e-02 4.32321304e-01
 4.22346701e-01 -8.46904068e-02 9.02469279e-01
 1.44143758e-02 9.41630715e-01 3.36338851e-01
 3.51401709e-01 -7.79337924e-01 5.18795952e-01
 1.25495398e-01 -9.15109134e-01 3.83179043e-01
 8.79478257e-01 4.18113029e-01 -2.27375218e-01
 4.80630527e-01 -3.68436465e-01 7.95769356e-01
 9.91830669e-01 1.04726009e-01 -7.28312185e-02
 8.20129620e-01 -1.33184941e-01 -5.56461300e-01
 2.83422002e-01 4.51944893e-01 8.45823730e-01
 4.18304509e-02 -9.92387814e-01 -1.15830222e-01
 9.64309520e-02 9.94528878e-01 4.01669430e-02
 4.98797067e-01 5.28680544e-01 6.86803005e-01
 4.45609218e-02 9.94190056e-01 -9.79819209e-02
 4.73946761e-01 -6.14970214e-01 -6.30227025e-01
 2.01815915e-01 6.14803014e-01 7.62422187e-01
 5.53750058e-02 -4.80826325e-01 -8.75065514e-01
 4.56626311e-02 9.80240097e-01 1.92468895e-01
 3.22907865e-01 -3.62950300e-01 8.74069557e-01
 8.09075083e-01 5.73497552e-01 1.28444806e-01
 7.74872565e-01 6.31446536e-01 -2.91166751e-02
 5.35325765e-01 -8.01713719e-01 -2.65859809e-01
 9.25837411e-01 -3.30812356e-01 -1.82724583e-01
 8.98830497e-01 1.54407441e-01 -4.10197611e-01
 7.08100631e-01 -4.32553617e-01 5.58113666e-01
 1.73240067e-01 -8.29535332e-01 5.30903958e-01
 5.14747522e-01 -7.82537831e-02 8.53763043e-01
 3.81517281e-01 -8.73659503e-01 -3.01933166e-01
 1.70412056e-01 1.80443054e-01 -9.68710501e-01
 5.42251736e-01 -8.40179667e-01 7.82189504e-03
 9.29429129e-01 -3.30195696e-01 -1.64718843e-01
 7.33385480e-01 -3.63821873e-01 -5.74264210e-01
 6.16396154e-01 7.75864679e-01 -1.34498258e-01
 9.26064538e-01 1.32569568e-01 3.53312583e-01
 8.28082238e-01 -5.16699999e-01 2.17487744e-01
 2.11872235e-01 7.23580294e-02 9.74615038e-01
 2.44990374e-01 -4.11032394e-01 -8.78084329e-01
 1.07069174e-02 2.09108703e-01 9.77833786e-01
 2.33157637e-01 -4.04224895e-01 8.84443187e-01
 6.20882642e-01 -5.27117444e-01 -5.80217153e-01
 7.99060842e-02 -8.57541586e-01 5.08170687e-01
 2.66205138e-01 -8.44055143e-01 4.65516639e-01
 2.50287621e-01 -9.53160061e-01 -1.69829339e-01
 5.82927125e-01 -7.89635612e-01 -1.91498216e-01
 6.42823118e-01 -6.71183691e-01 -3.69175963e-01
 1.87272557e-01 -2.40441378e-01 -9.52426865e-01
 8.37902188e-01 4.95840190e-01 2.28171931e-01
 3.71185046e-01 -8.76707056e-01 -3.05951628e-01
 4.75085880e-01 8.64808446e-01 1.62480024e-01
 5.48349842e-01 -6.75920660e-01 4.92385735e-01
 6.89175446e-01 1.31016133e-02 -7.24476054e-01
 4.05335027e-01 1.57713195e-01 -9.00461029e-01
 5.24096729e-01 -6.78944566e-01 -5.14156489e-01
 8.78637160e-01 -2.64445583e-01 3.97574238e-01
 4.21029467e-01 1.04693800e-01 -9.00984681e-01
 1.84114139e-01 7.40145268e-03 9.82877003e-01
 2.44337656e-01 -9.33773475e-01 2.61469324e-01
 8.34358507e-01 2.35436716e-02 5.50719146e-01
 9.20635795e-01 1.10862995e-01 -3.74351612e-01
 9.09272846e-01 -5.08282762e-02 -4.13085195e-01
 1.61572227e-02 -2.53522731e-02 -9.99548001e-01
 4.90431285e-01 -8.61343650e-01 -1.32530263e-01
 3.51794785e-01 -4.45679597e-02 9.35015575e-01
 2.48606950e-01 7.03716862e-01 6.65565295e-01
 1.69570091e-01 9.03585537e-01 3.93419828e-01
 7.60403486e-01 6.49421742e-01 -6.15948306e-03
 6.90884015e-01 4.06395505e-01 5.97931410e-01
 8.59196156e-01 -4.08249512e-01 -3.08406065e-01
 5.62672629e-01 -3.38223105e-01 7.54323965e-01
 1.97838392e-01 -9.80181545e-01 1.02034130e-02
 7.92269376e-01 -5.30112085e-01 3.02143035e-01
 1.44245725e-01 -3.79913758e-01 9.13706029e-01
 6.20736650e-01 -6.60042012e-01 4.23120023e-01
 2.09909241e-01 4.47094765e-01 8.69508126e-01
 4.64610685e-01 4.47361707e-02 8.84384298e-01
 6.33987275e-01 -2.00910545e-01 -7.46789856e-01
 7.96940752e-01 3.03117624e-01 5.22498941e-01
 8.27462802e-01 3.98822926e-01 3.95279124e-01
 4.72679276e-01 7.63251784e-01 -4.40478168e-01
 4.62026495e-01 5.42009512e-01 -7.01966671e-01
 6.39417147e-01 6.86393680e-01 3.46423770e-01
 3.84183462e-01 -9.16029896e-01 -1.15292223e-01
 2.05078615e-01 7.23898053e-01 6.58721771e-01
 3.10641553e-01 5.69804714e-01 7.60805109e-01
 9.12590291e-01 -2.72282872e-01 3.05026225e-01
 2.90417052e-01 8.95910382e-01 3.36158480e-01
 7.90016088e-02 -4.62214034e-01 8.83242284e-01
 3.06475718e-01 8.88518544e-01 -3.41478303e-01
 5.02405339e-02 8.94883924e-01 4.43462119e-01
 6.37537522e-01 4.06018424e-01 -6.54748003e-01
 6.39334978e-01 -6.37981820e-01 4.29220204e-01
 9.68914846e-01 2.43288988e-01 4.48830568e-02
 7.32467866e-01 2.23053891e-01 6.43224524e-01
 8.38997931e-02 -9.96039143e-01 2.94423117e-02
 5.24495830e-01 8.62873427e-02 -8.47029290e-01
 4.92016974e-01 5.16600348e-01 -7.00744874e-01
 3.44837273e-01 -7.04399336e-01 -6.20410212e-01
 1.69049187e-01 -9.53768743e-01 -2.48490556e-01
 4.85156323e-01 6.93816270e-01 5.32205154e-01
 6.69161889e-01 4.27745469e-01 6.07664529e-01
 8.51797576e-01 7.50433927e-02 -5.18468300e-01
 9.66743578e-01 2.37456379e-01 9.49806468e-02
 7.12129357e-01 4.89183644e-01 -5.03558478e-01
 3.27829414e-03 3.33476507e-01 9.42752710e-01
 6.64824573e-01 -2.58115712e-01 -7.00988279e-01
 2.07241790e-02 -1.54326762e-01 -9.87802490e-01
 3.75462015e-01 -3.72820756e-01 8.48547558e-01
 8.21866930e-01 -5.62690853e-01 8.89592724e-02
 1.21403247e-01 -2.35886698e-01 -9.64167370e-01
 5.15026646e-01 3.71145874e-01 -7.72656647e-01
 6.77967537e-01 -7.08223989e-01 1.96923335e-01
 2.62055465e-01 -9.51994794e-01 -1.58217716e-01
 3.42345322e-01 4.10485808e-01 -8.45163346e-01
 8.28130781e-01 -5.60387030e-01 1.28758074e-02
 5.30216045e-01 -5.10171794e-01 6.77196934e-01
 1.96264861e-01 -6.37002223e-01 7.45458431e-01
 4.76768178e-01 7.95343137e-01 3.74327930e-01
 1.23753509e-01 9.91596212e-01 -3.77097088e-02
 4.70306103e-01 8.51987415e-01 -2.30064368e-01
 3.68850027e-01 -8.54257609e-01 -3.66324438e-01
 9.62847843e-01 2.50024309e-03 -2.70032923e-01
 8.28445933e-01 5.44292470e-01 -1.31996375e-01
 9.80175796e-01 -1.95886091e-01 2.97329661e-02
 2.49669909e-01 -8.04850739e-01 -5.38405261e-01
 3.95930535e-01 8.15765523e-01 -4.21622608e-01
 8.64320077e-01 -4.38185663e-01 2.46868647e-01
 2.99959821e-01 9.25659111e-01 2.30606409e-01
 8.71098368e-02 5.76697508e-01 8.12300351e-01
 2.12874487e-01 6.24828911e-01 7.51181260e-01
 9.83915281e-01 1.76865326e-01 -2.50873620e-02
 2.35921965e-01 -5.71471403e-01 -7.85977901e-01
 8.83374820e-01 2.35427387e-01 4.05244213e-01
 9.10256804e-01 -3.84524649e-01 -1.53536135e-01
 7.23471352e-01 5.60200612e-01 4.03440797e-01
 1.82982214e-02 8.84232059e-01 4.66689234e-01
 5.85217147e-02 8.61883603e-01 -5.03718040e-01
 7.07132991e-02 6.62576953e-01 -7.45648316e-01
 4.67428841e-01 -1.37055477e-01 -8.73341900e-01
 9.17558811e-01 3.59453324e-01 -1.69938627e-01
 9.77202400e-01 1.91262166e-01 9.21642718e-02
 4.54469861e-01 5.73777968e-01 -6.81348654e-01
 3.94251519e-01 1.29684739e-01 9.09806358e-01
 5.85918211e-01 -5.26503801e-01 -6.16030517e-01
 9.82189224e-01 5.61583000e-02 1.79305810e-01
 8.94488841e-01 -2.17465135e-01 -3.90638744e-01
 3.08521927e-01 6.10643572e-01 -7.29334387e-01
 4.68770619e-01 7.38625003e-01 -4.84445262e-01
 5.17761592e-01 8.51232082e-01 -8.55971822e-02
 5.34788918e-01 2.16595749e-03 8.44982912e-01
 7.33101362e-01 -6.16292284e-01 -2.87656416e-01
 9.67233758e-01 1.67234099e-01 -1.91027780e-01
 7.66022262e-01 -6.30486276e-01 -1.25287466e-01
 5.60834872e-03 1.59482566e-01 -9.87184814e-01
 1.63886657e-01 -7.85667226e-01 -5.96546874e-01
 9.12269950e-01 -3.89474696e-01 1.26779332e-01
 9.91810435e-01 -1.26058109e-01 -2.05283938e-02
 9.96420137e-02 -9.43382554e-01 3.16387145e-01
 7.44430060e-01 -5.16818416e-01 -4.22755971e-01
 5.05926842e-01 -8.62480463e-01 1.28639507e-02
 6.32972537e-02 2.75541549e-01 -9.59202957e-01
 6.28052455e-01 7.77157974e-01 -3.96937832e-02
 4.61400870e-01 -3.55528687e-01 8.12839830e-01
 3.34946390e-01 3.42874076e-01 8.77637900e-01
 7.67727610e-01 7.88648640e-02 6.35904592e-01
 8.38768852e-01 -5.30932171e-01 -1.20738737e-01
 7.97499072e-01 4.60343730e-01 3.89972924e-01
 7.27949618e-01 -6.54491890e-01 2.04278532e-01
 7.34569854e-01 6.76769664e-01 4.88871269e-02
 5.21328995e-01 -6.72148013e-01 -5.25769082e-01
 2.31663438e-01 1.87693053e-01 9.54517349e-01
 7.53971569e-01 -6.56601917e-01 2.00198591e-02
 3.86510886e-01 9.02634558e-01 1.89367868e-01
 9.37376678e-01 1.75437342e-01 -3.00909792e-01
 2.77503681e-01 3.94669966e-01 -8.75915136e-01
 3.93018805e-01 -8.86252201e-01 -2.45139256e-01
 2.02052516e-01 -9.75968780e-01 8.16071121e-02
 3.87956057e-02 6.65857140e-01 7.45069909e-01
 6.16793882e-01 7.10668273e-01 3.38401999e-01
 5.70919986e-01 6.84511926e-01 -4.53314232e-01
 1.39906973e-01 -6.22263561e-01 -7.70203934e-01
 5.78469717e-01 -7.88202262e-01 -2.10023760e-01
 8.14014456e-01 -2.66304232e-01 -5.16200079e-01
 6.72432241e-01 7.13572298e-01 1.96594653e-01
 8.69811680e-01 -4.93323329e-01 7.72882673e-03
 3.56887614e-01 3.32667933e-01 8.72905079e-01
 5.13334249e-01 -8.37688920e-01 1.86454344e-01
 2.75127754e-01 -9.56563515e-01 9.63896259e-02
 8.52772283e-01 -2.80133795e-01 4.40799829e-01
 4.82579025e-01 -5.83384156e-01 6.53284326e-01
 1.78728417e-01 -6.77993190e-01 -7.13008687e-01
 7.06510519e-01 3.50974837e-01 6.14540113e-01
 3.56385711e-01 -2.37200374e-01 -9.03728503e-01
 1.58514288e-01 6.65037655e-01 7.29793216e-01
 9.07498720e-01 -4.20008564e-01 6.23531149e-03
 5.68648384e-01 -5.03611245e-02 -8.21037619e-01
 3.95864605e-01 -8.25607037e-01 -4.02074912e-01
 6.51479482e-01 3.52616376e-01 -6.71741152e-01
 1.77989941e-01 -1.57095712e-01 9.71411611e-01
 2.83625231e-01 4.63943921e-01 -8.39233440e-01
 6.69497073e-01 7.20248783e-01 1.81701294e-01
 1.17905482e-01 4.32553014e-01 -8.93865866e-01
 9.68693405e-01 -1.16506283e-01 -2.19224480e-01
 8.00535202e-02 -2.22587181e-01 -9.71620492e-01
 9.35518979e-01 -7.68865896e-02 3.44808197e-01
 6.31583589e-02 -9.75001744e-01 -2.13031973e-01
 9.50144666e-01 1.69121897e-01 -2.61959726e-01
 9.30701692e-01 3.55467619e-01 -8.62388138e-02
 7.99075369e-01 -2.52860591e-01 5.45472342e-01
 1.81241671e-01 4.15488638e-01 8.91358878e-01
 4.40372472e-01 7.30861131e-02 8.94835463e-01
 4.22886854e-01 2.42402318e-02 9.05858223e-01
 5.88602766e-01 -3.40529822e-01 -7.33202717e-01
 9.01022275e-01 -2.17759345e-01 -3.75152938e-01
 4.35145722e-01 -3.40271960e-01 -8.33584545e-01
 6.94718214e-01 -7.19276538e-01 -2.80447407e-03
 6.02681071e-01 -7.47721867e-01 -2.78724839e-01
 1.13420783e-01 9.05594690e-01 -4.08697912e-01
 3.07477233e-01 5.35970130e-01 7.86252994e-01
 9.17900365e-01 3.55041788e-01 -1.77212440e-01
 6.49083389e-01 4.53615565e-01 -6.10674769e-01
 5.99714808e-01 -5.36798752e-01 5.93455347e-01
 1.13317756e-01 6.64851015e-02 -9.91331840e-01
 6.46299889e-01 -2.57146205e-01 7.18451308e-01
 3.40941285e-01 6.01458519e-01 7.22500305e-01
 4.56298045e-01 2.55716126e-01 8.52291826e-01
 9.16757845e-01 -1.12599089e-02 -3.99284697e-01
 6.79407868e-01 -7.30886063e-01 6.48884526e-02
 9.12945365e-01 -3.40178503e-02 4.06661464e-01
 7.33301696e-02 1.24102879e-01 9.89556043e-01
 4.93314218e-01 -4.89125647e-01 -7.19303263e-01
 2.63054827e-01 8.84920098e-01 -3.84341746e-01
 9.04151749e-01 -3.76955306e-01 2.01033112e-01
 9.72803351e-01 -1.70475835e-01 -1.56817185e-01
 8.28772914e-01 2.06798732e-01 5.19970904e-01
 8.57066484e-01 -3.81578522e-01 3.46171741e-01
 5.20682605e-01 7.55152683e-01 -3.98288903e-01
 6.72026124e-01 4.32541151e-01 -6.01073242e-01
 4.89283058e-01 4.45982338e-01 -7.49467706e-01
 4.84457109e-01 -4.70129119e-01 7.37753293e-01
 8.32647921e-01 2.53681771e-01 -4.92283453e-01
 1.17313073e-01 9.42394986e-01 -3.13256020e-01
 7.08377725e-01 6.84555899e-01 1.72000639e-01
 5.44416087e-01 -7.80018326e-01 3.08516668e-01
 2.36854392e-01 8.39579935e-01 4.88881918e-01
 6.68484756e-01 6.79328757e-01 -3.02721937e-01
 2.86296195e-01 -9.39128719e-01 -1.89925610e-01
 1.04078584e-01 -7.04976659e-01 -7.01552249e-01
 2.73288234e-01 6.40245147e-01 -7.17913430e-01
 1.66517859e-01 -9.70664169e-01 1.73444150e-01
 5.62691903e-03 -6.69080638e-01 -7.43168512e-01
 2.48267242e-01 -6.72534709e-01 -6.97180351e-01
 4.76690786e-01 -8.72110640e-01 -1.10403469e-01
 4.80849627e-01 -6.16660802e-01 -6.23308183e-01
 2.23209092e-01 -9.04974941e-01 3.62212725e-01
 9.13124281e-01 3.97587678e-01 -9.01559011e-02
 6.84698645e-01 -1.42710347e-02 7.28686560e-01
 6.73564443e-01 -7.01073446e-01 -2.34108874e-01
 4.17261884e-01 5.93394256e-01 -6.88313720e-01
 1.45698597e-01 4.48109911e-01 8.82025751e-01
 5.38215550e-01 4.56032370e-01 7.08772530e-01
 4.36757479e-01 -7.71507339e-01 4.62622233e-01
 4.24966011e-01 6.10252814e-01 6.68577141e-01
 1.15985852e-01 -8.94804429e-01 -4.31129117e-01
 9.26177102e-01 3.76824783e-01 -1.41088574e-02
 2.02887295e-01 2.71866322e-01 9.40704762e-01
 8.32170325e-01 -5.48022647e-01 8.46388074e-02
 5.98374600e-01 -7.53940805e-01 2.71147745e-01
 8.13760000e-01 -5.78442472e-01 -5.65594246e-02
 2.27080406e-01 -8.60864694e-01 -4.55353123e-01
 9.35833686e-01 -3.50438046e-01 -3.75298363e-02
 1.09290926e-01 -2.92912129e-01 -9.49872611e-01
 5.52716204e-01 5.28886414e-01 6.44037234e-01
 2.31263015e-01 9.71406155e-01 5.37354528e-02
 8.74560584e-01 3.03501876e-01 -3.78193596e-01
 1.58612579e-01 -2.67273750e-01 -9.50477139e-01
 5.70994095e-02 -9.74314936e-01 2.17830355e-01
 5.22564927e-01 -2.28103772e-01 -8.21519669e-01
 1.94601521e-01 6.78006753e-01 7.08827970e-01
 2.59415019e-01 -7.68143729e-01 5.85370873e-01
 5.06521414e-01 -1.30784650e-01 -8.52250804e-01
 7.19177072e-01 1.59569303e-01 -6.76255851e-01
 6.71531076e-01 -5.64276152e-01 -4.80248310e-01
 9.81975341e-01 -8.80658164e-03 -1.88803799e-01
 5.84230997e-01 -5.75294925e-01 5.72459510e-01
 9.95384143e-01 7.31752524e-02 6.20950083e-02
 3.56396429e-01 6.71048419e-01 -6.50135067e-01
 4.66743229e-02 6.49380838e-01 -7.59029666e-01
 1.15539903e-01 -1.34359410e-01 -9.84173806e-01
 3.45659893e-01 2.02876416e-01 9.16166141e-01
 4.12811498e-01 7.79498668e-01 4.71135324e-01
 4.98068873e-01 -4.19859171e-01 7.58713170e-01
 8.17689470e-01 -5.58491860e-01 1.39537714e-01
 5.98010042e-01 6.50829601e-01 4.67765774e-01
 4.97217872e-01 -8.67419995e-01 -1.88928591e-02
 9.52393485e-01 2.35134577e-01 1.94057675e-01
 8.23855503e-01 1.92185810e-02 5.66473968e-01
 3.29576065e-01 1.14012299e-01 -9.37219725e-01
 8.65587147e-02 2.20299210e-01 9.71584195e-01
 2.83248580e-01 3.56444810e-01 -8.90346752e-01
 8.14233719e-01 5.11451099e-01 2.74665658e-01
 6.52547563e-01 -5.10311198e-01 -5.60146552e-01
 2.32152914e-01 -6.68570807e-01 7.06482909e-01
 1.40389762e-01 -6.73837724e-01 7.25419490e-01
 8.67200128e-01 3.47641962e-01 -3.56523497e-01
 7.31979867e-01 5.96324574e-01 3.29548898e-01
 5.57703757e-01 7.57976895e-01 3.38286190e-01
 5.01184427e-01 -8.04953442e-01 3.17591130e-01
 6.39414130e-01 5.31896977e-01 5.55189315e-01
 6.48496588e-01 -7.57044893e-01 7.95940009e-02
 8.33944624e-01 -5.37036726e-01 1.26995741e-01
 5.96419964e-01 -7.63192973e-01 -2.48635702e-01
 5.20256953e-01 -5.38700891e-01 -6.62671904e-01
 9.95362552e-01 -7.06507253e-02 -6.52829676e-02
 9.63075959e-01 1.34620991e-01 -2.33156354e-01
 6.37133642e-01 7.70740992e-01 4.36403319e-03
 6.14110721e-01 7.30780957e-01 2.98038949e-01
 2.28139017e-01 -9.59496906e-01 -1.65282412e-01
 3.28598068e-01 -2.35299446e-01 -9.14689828e-01
 8.48957943e-01 4.57906880e-01 2.63802387e-01
 2.66131319e-01 8.86839408e-01 3.77743281e-01
 4.06658983e-01 7.15383818e-01 5.68202838e-01
 6.78933268e-01 5.20136766e-01 -5.18176961e-01
 1.65617887e-01 -1.52053887e-01 -9.74397419e-01
 7.80155646e-01 6.20898091e-01 -7.64377349e-02
 6.30556270e-01 -7.59497999e-01 -1.59879891e-01
 4.63229756e-01 -7.94424325e-01 3.92820807e-01
 5.34427258e-01 -2.10504284e-01 -8.18581366e-01
 1.51964936e-01 4.62621699e-01 8.73434498e-01
 6.73028781e-01 6.79407715e-01 2.92296795e-01
 3.39373314e-01 7.28497281e-01 5.95077696e-01
 3.79188483e-01 4.94045509e-01 -7.82390650e-01
 8.57499960e-01 5.08411635e-01 7.88126124e-02
 1.24769649e-01 -4.38874057e-01 -8.89843861e-01
 4.78033368e-01 -7.69692889e-01 4.23151221e-01
 7.68703889e-01 5.04428576e-01 3.93250738e-01
 8.54558294e-01 4.22654307e-01 -3.01816929e-01
 2.93283704e-01 -1.41729902e-01 9.45461424e-01
 4.85860489e-02 -5.03640544e-01 -8.62545998e-01
 4.41946707e-01 6.57372050e-01 -6.10364724e-01
 3.99186359e-01 3.47304614e-01 -8.48545671e-01
 7.03722902e-01 6.13264381e-01 3.58721168e-01
 4.62596442e-01 6.68184684e-01 5.82695255e-01
 1.46885903e-01 -9.21404730e-01 3.59774728e-01
 8.16052957e-01 -1.48705825e-01 5.58519605e-01
 8.66601487e-01 1.46130859e-01 -4.77124339e-01
 2.88865347e-01 -4.88106510e-01 8.23595074e-01
 8.03491338e-01 -3.56374438e-01 4.76863638e-01
 4.26193183e-01 -7.04973434e-01 -5.66896665e-01
 4.65939902e-01 8.84801444e-01 5.13930415e-03
 6.77669372e-01 2.35698602e-02 -7.34988900e-01
 7.56891561e-01 2.35747515e-01 -6.09539395e-01
 8.63721978e-01 2.04169009e-01 -4.60759548e-01
 2.73850746e-02 3.58671814e-01 -9.33061942e-01
 7.02445670e-01 -6.95583484e-01 -1.50776975e-01
 2.34743756e-01 -9.60815119e-01 -1.47409892e-01
 1.98513381e-01 9.56882030e-01 -2.12059470e-01
 8.00026836e-01 -4.44321458e-01 -4.03156922e-01
 8.70594070e-01 2.29639736e-01 -4.35122461e-01
 3.14705835e-01 -9.36779707e-01 -1.52983720e-01
 1.35904273e-01 -4.48905394e-01 8.83183999e-01
 3.42487240e-01 9.28398950e-01 1.44145345e-01
 9.69470624e-01 2.40665954e-01 4.69745496e-02
 1.20895004e-01 5.23966610e-01 8.43115288e-01
 9.53382726e-01 -7.02695803e-02 2.93468166e-01
 3.93359231e-01 -4.12211800e-01 8.21796780e-01
 4.46332911e-01 -2.95725855e-01 -8.44590523e-01
 8.94291903e-01 -8.97120850e-02 -4.38399058e-01
 8.15320321e-02 9.10566945e-01 -4.05241120e-01
 2.17414664e-01 -7.79795520e-01 -5.87068829e-01
 4.30592938e-01 6.68415547e-01 -6.06473725e-01
 5.25895960e-01 8.41487866e-01 1.23820884e-01
 7.48516504e-01 -3.74099848e-01 -5.47514700e-01
 5.63376260e-01 -5.44777700e-01 6.21147685e-01
 4.69339354e-02 -9.92875831e-01 -1.09520732e-01
 9.91943984e-02 -9.12857763e-01 3.96044411e-01
 6.39117263e-01 -2.79130593e-01 7.16669545e-01
 1.34332797e-01 9.43924094e-01 3.01599077e-01
 6.13482164e-01 7.53482005e-01 -2.36441331e-01
 9.12432748e-02 3.39655138e-01 -9.36113803e-01
 3.91907652e-01 2.10068407e-01 -8.95700651e-01
 4.88594234e-01 -6.28608054e-01 6.05084778e-01
 4.32508721e-01 -4.39601951e-02 -9.00557443e-01
 5.57480982e-01 -6.89513553e-01 4.62369997e-01
 8.28549406e-01 4.31721837e-02 -5.58249088e-01
 4.52920325e-01 8.26091511e-01 3.35314771e-01
 6.37681022e-01 -6.75978427e-01 -3.69345476e-01
 2.73675264e-01 -3.80863724e-03 -9.61814610e-01
 1.90832774e-01 1.05240152e-01 -9.75964837e-01
 5.85894274e-01 -8.09699051e-01 3.33968141e-02
 6.03616867e-01 -6.15159593e-01 5.07173888e-01
 3.05662047e-01 6.56268177e-01 6.89842586e-01
 8.36815624e-01 5.02343860e-01 -2.17693035e-01
 8.87923382e-01 2.02705692e-01 -4.12919448e-01
 9.61566790e-01 -1.38156494e-01 2.37280619e-01
 5.09146116e-01 8.47666400e-01 -1.49103682e-01
 4.84559766e-01 6.92991294e-01 5.33821037e-01
 9.21526160e-01 2.89747677e-01 -2.58526248e-01
 8.73026217e-01 -3.51856486e-01 3.37671789e-01
 6.20304296e-01 7.44223989e-01 -2.47695851e-01
 5.00697768e-01 -8.36077320e-01 -2.24224132e-01
 9.98423437e-01 5.47209530e-02 -1.25003024e-02
 8.86599004e-01 2.16506145e-01 4.08738664e-01
 7.37022010e-01 3.70867595e-01 5.65027242e-01
 7.98662491e-01 2.93045056e-01 5.25607098e-01
 6.88341440e-01 -4.60108467e-01 5.60790746e-01
 9.52760768e-01 -1.87284097e-01 -2.39105807e-01
 6.93301737e-01 -4.48605046e-01 -5.63991325e-01
 3.49974476e-01 -9.12115266e-01 2.13456337e-01
 8.06768335e-01 -4.83070288e-01 -3.40246897e-01
 8.38528783e-01 1.38208867e-02 -5.44681983e-01
 8.89387156e-01 4.52885558e-01 6.23310294e-02
 6.92538382e-01 -7.12737642e-01 1.11335723e-01
 4.68148780e-01 -2.51981647e-01 -8.46960430e-01
 3.39507601e-01 -4.39648812e-01 8.31530824e-01
 1.56864915e-02 -9.72593862e-01 2.31980846e-01
 1.72676096e-01 9.70689162e-01 1.67169127e-01
 6.22069099e-01 -7.15259648e-02 -7.79688445e-01
 1.36987075e-01 -3.98548741e-01 -9.06859108e-01
 6.63921966e-01 -6.73382334e-01 -3.25213553e-01
 9.71063354e-01 -2.30472248e-01 6.25979661e-02
 1.29984551e-01 -3.40616247e-02 -9.90930786e-01
 8.03468488e-01 1.36597606e-01 5.79464825e-01
 4.51826421e-02 3.34077597e-01 -9.41461995e-01
 2.36327838e-01 -6.53089414e-01 -7.19460471e-01
 9.31575619e-01 -2.23725279e-01 -2.86555171e-01
 2.47312957e-01 9.56424657e-01 -1.55203660e-01
 8.60274097e-02 8.73808661e-01 4.78599738e-01
 4.61850017e-01 -2.52858246e-01 8.50151321e-01
 3.11796764e-01 -5.18544945e-01 7.96174552e-01
 4.10512082e-01 1.35899770e-01 9.01671272e-01
 2.33750168e-01 8.68970943e-01 4.36176981e-01
 1.30806205e-01 1.35392077e-01 9.82119505e-01
 6.11780924e-01 -7.65774399e-01 -1.98276754e-01
 5.99849435e-01 1.01577976e-01 7.93638816e-01
 1.33324661e-01 6.35375177e-02 -9.89033629e-01
 8.20950516e-01 3.37499821e-01 4.60580200e-01
 2.80518166e-01 -5.71532681e-01 7.71141980e-01
 8.88344601e-01 -4.56631366e-01 4.82873207e-02
 9.88665512e-02 7.94817265e-01 5.98741113e-01
 6.53724492e-01 6.80395692e-01 3.31218946e-01
 4.08054945e-01 9.01035046e-01 1.47061237e-01
 7.49649515e-01 5.03262695e-01 -4.29828180e-01
 8.48613907e-01 -1.54969134e-01 5.05805302e-01
 3.28967983e-01 -5.46482159e-01 -7.70154086e-01
 6.47687843e-01 7.36352051e-01 1.95668379e-01
 6.94500819e-02 -9.93089643e-01 -9.46025705e-02
 6.61109421e-02 3.93802126e-01 9.16814719e-01
 7.54997119e-01 5.58394756e-01 -3.43765394e-01
 3.72423845e-01 6.97031600e-01 6.12737650e-01
 7.88072010e-01 -5.36187515e-01 3.02399498e-01
 5.60196255e-01 -8.27349830e-01 4.08951762e-02
 6.61737651e-01 -7.49188825e-01 2.86248921e-02
 8.81713123e-01 2.93102102e-01 -3.69693287e-01
 4.03229813e-01 1.22045153e-01 9.06923756e-01
 2.82572286e-01 8.21145577e-01 4.95855668e-01
 1.85849760e-01 8.35969816e-01 -5.16347105e-01
 4.30467654e-01 8.90951986e-01 -1.44575783e-01
 9.89524571e-01 1.44354336e-01 1.71717183e-03
 2.07819527e-02 9.98378285e-01 -5.29991571e-02
 1.51226379e-01 2.64917554e-01 9.52338843e-01
 7.59322538e-01 -6.48055681e-01 5.87632440e-02
 2.98890189e-01 8.14562676e-01 -4.97144146e-01
 6.14106065e-01 7.41927020e-01 2.69105998e-01
 9.03306752e-02 -8.52191700e-01 5.15373336e-01
 9.32660228e-01 2.76462910e-01 -2.31760996e-01
 3.52468627e-01 -8.30730935e-02 9.32129137e-01
 1.36411932e-01 6.77820655e-01 -7.22461726e-01
 4.09158602e-01 6.54282739e-01 -6.36005768e-01
 7.47170021e-01 4.22362649e-01 5.13173219e-01
 7.85551767e-01 -4.58278802e-02 -6.17096611e-01
 2.14201647e-02 9.98174730e-01 5.64657792e-02
 8.41110051e-01 -9.34017289e-02 5.32738209e-01
 6.11296728e-01 -7.67154280e-01 -1.94398101e-01
 4.43857064e-01 4.35634312e-01 7.83079595e-01
 9.27362513e-01 5.31232991e-03 -3.74126380e-01
 1.99057979e-01 -9.50865887e-01 2.37128626e-01
 8.61275069e-02 -9.90662355e-01 1.05688935e-01
 3.57177832e-01 -8.55601932e-01 3.74658951e-01
 9.88206809e-01 1.52273862e-01 -1.61236913e-02
 7.14131926e-01 -5.35658713e-01 4.50649903e-01
 6.84729890e-01 -7.24225879e-01 -8.14975759e-02
 5.31280500e-02 -9.51675985e-02 -9.94042523e-01
 4.39916937e-01 3.15877431e-01 -8.40651258e-01
 1.41074715e-02 9.99756066e-01 -1.69937778e-02
 9.67224205e-01 5.28266577e-02 2.48368036e-01
 1.66016466e-01 -4.89407847e-01 -8.56106590e-01
 4.77326895e-01 7.94522937e-01 3.75356282e-01
 4.45849856e-02 9.55780514e-01 -2.90681593e-01
 7.74941909e-01 -6.01717489e-01 -1.93393642e-01
 9.01117941e-01 -2.72782709e-01 -3.37010459e-01
 9.68092785e-01 -5.35360986e-02 2.44806546e-01
 6.07178372e-01 -5.10926347e-01 6.08513511e-01
 5.59593588e-01 -3.95039261e-01 7.28559537e-01
 5.99580776e-01 3.68776974e-01 -7.10286165e-01
 1.79198684e-01 1.18877330e-01 9.76604327e-01
 6.94753041e-01 -7.14891388e-01 7.90475561e-02
 6.89350111e-01 6.45232097e-01 3.29350824e-01
 6.38847252e-01 -5.15149531e-04 7.69333428e-01
 8.69364966e-01 3.19239756e-01 3.77214175e-01
 2.11147097e-02 -1.15783178e-01 -9.93050061e-01
 6.56803936e-01 -3.95731916e-01 -6.41876031e-01
 4.89785342e-01 3.71741849e-01 7.88617978e-01
 2.79201875e-01 -9.59900203e-01 -2.52569341e-02
 3.47829215e-02 9.96598443e-01 -7.47107271e-02
 9.67970117e-01 1.43601575e-01 -2.05942807e-01
 2.25514257e-01 -7.73631655e-01 5.92146419e-01
 7.64927427e-01 5.69937897e-01 -3.00094694e-01
 3.44296209e-01 -8.98279182e-01 -2.73046939e-01
 9.71863020e-02 -1.56846702e-01 -9.82829555e-01
 9.43105935e-01 8.62869983e-02 3.21100839e-01
 2.80020100e-01 -4.57641402e-01 -8.43891635e-01
 9.53951087e-01 -8.54513470e-02 -2.87533287e-01
 4.61615114e-01 2.12177256e-01 8.61331700e-01
 6.02962796e-01 3.07347592e-01 7.36188375e-01
 1.05720666e-01 -9.77673423e-01 -1.81597961e-01
 6.39588904e-01 -1.12066969e-01 7.60504456e-01
 3.13926633e-01 -5.17828123e-01 -7.95804062e-01
 9.48497411e-01 -1.60530642e-01 -2.73098104e-01
 8.76011811e-01 -1.32241849e-02 4.82108316e-01
 2.35994221e-01 6.71669956e-01 -7.02257928e-01
 3.03998959e-01 -3.08806101e-01 -9.01234390e-01
 9.67005394e-01 2.41319796e-01 -8.16414395e-02
 3.35466450e-01 -9.15710030e-01 -2.21217994e-01
 9.90343821e-01 1.38580560e-01 -3.81365570e-03
 9.96755944e-01 1.16296162e-02 -7.96388070e-02
 7.90183848e-01 -5.76502384e-01 -2.07977132e-01
 7.37321499e-01 -6.70161327e-01 8.50929107e-02
 3.92653464e-01 5.48573566e-01 7.38166851e-01
 8.70525463e-01 6.11830743e-02 -4.88305283e-01
 2.33807313e-01 -8.51552816e-01 -4.69246141e-01
 4.78530272e-01 8.78045165e-01 -6.74292338e-03
 4.08062967e-01 -9.06499795e-01 1.08363906e-01
 2.64691228e-01 8.96994262e-01 -3.54033682e-01
 2.42115592e-01 -7.31079395e-01 6.37889456e-01
 4.93197712e-02 -8.29854772e-01 -5.55795481e-01
 9.19503661e-01 1.58382381e-01 3.59761087e-01
 8.51332355e-01 2.43113077e-01 4.64897034e-01
 9.16226407e-01 1.73645088e-01 3.61076937e-01
 3.03391000e-01 -1.19070320e-01 -9.45397355e-01
 3.54341986e-01 -9.16831137e-01 1.84017452e-01
 1.08850995e-01 -9.62519849e-01 2.48408941e-01
 4.19495394e-01 2.56041144e-01 8.70899849e-01
 3.25458880e-01 -3.12202682e-01 8.92527872e-01
 9.78576873e-01 -1.86910418e-01 8.63238010e-02
 5.82952293e-01 2.57781076e-01 7.70529390e-01
 1.79074781e-01 6.89828294e-01 -7.01476406e-01
 3.85625400e-01 1.60642817e-01 -9.08563116e-01
 5.86121365e-01 -7.16739708e-01 -3.77817332e-01
 5.05574103e-01 -6.01648018e-01 6.18396708e-01
 3.40915877e-01 6.54091129e-01 6.75234151e-01
 7.74574542e-02 1.84401812e-01 -9.79794016e-01
 9.00561964e-01 4.10584809e-01 1.42857495e-01
 6.03759558e-02 -8.80812718e-01 4.69599510e-01
 2.83893550e-01 -9.47197086e-01 -1.49070894e-01
 5.23851449e-01 8.06984541e-01 -2.72682250e-01
 8.04363694e-02 5.21166851e-02 -9.95396324e-01
 2.13360926e-01 8.35302004e-01 5.06702750e-01
 5.81699384e-01 -3.26738690e-01 7.44894392e-01
 2.08334424e-01 6.73643284e-01 7.09084969e-01
 1.61305294e-01 -3.28768050e-02 -9.86356790e-01
 8.52406876e-01 -3.66961409e-01 -3.72480660e-01
 5.03654433e-01 7.73434816e-01 -3.84877639e-01
 4.40717895e-01 -5.67251777e-01 6.95696169e-01
 7.97647806e-01 -6.02322133e-01 -3.10809712e-02
 6.13606555e-02 -3.82577621e-01 -9.21883525e-01
 3.08544199e-01 2.87970273e-01 -9.06572446e-01
 9.55188582e-01 2.88369449e-01 6.67670170e-02
 5.95313432e-01 8.00378557e-01 -7.06829836e-02
 3.50287504e-02 -8.85863183e-01 -4.62622317e-01
 9.49603359e-01 -2.25561401e-01 -2.17659170e-01
 3.73770807e-01 7.65654574e-01 5.23515480e-01
 8.83737143e-01 2.26030174e-01 -4.09779236e-01
 1.88269665e-01 -9.78636085e-01 8.26192817e-02
 6.70688833e-01 -2.54662513e-01 -6.96651631e-01
 6.49859763e-01 -6.68824278e-01 -3.61048991e-01
 3.98312507e-01 -8.07503759e-01 -4.35068759e-01
 7.18023367e-01 6.38001887e-01 2.78201431e-01
 3.79850056e-01 -3.44646514e-01 -8.58447852e-01
 9.95310456e-01 -1.78995091e-02 9.50615804e-02
 2.50731474e-01 6.92760123e-01 6.76178335e-01
 9.00525673e-01 -3.23536259e-01 2.90478574e-01
 2.23979298e-01 4.55852134e-01 8.61412855e-01
 3.77820841e-01 -9.21616717e-01 -8.87357816e-02
 4.55934087e-01 -7.77075399e-01 4.33910052e-01
 5.81485677e-01 -1.02849640e-01 8.07029342e-01
 7.54427721e-01 -6.46352782e-01 1.14310517e-01
 4.46806143e-01 6.46422699e-01 6.18467432e-01
