10.8719775415551 7.42511115209747 1.05082117253914
0.0659624183529955 -4.72588543978114 0.0244758767075837
11.7448375303215 -3.55874682406487 3.47999626304954
10.4111816157662 -6.04749942337317 1.12472129287198
2.59192699199508 13.7073821758566 7.43379755876958
11.3895331896272 6.43255085128636 4.56526216119528
6.28347576285482 1.98252173992509 0.146221395116299
2.59416324458461 -4.54272593068686 4.95860577328131
-9.43486733574876 -0.10021729469257 6.07676611281931
2.06708773647177 7.29030838945975 5.41789131006226
8.04649834526501 10.8380887612546 7.32432456221431
-9.47254978011506 -1.29456768100256 4.51653313590214
0.662529888851874 -4.80396696215593 6.55057008611038
-7.58513297868289 -6.74717066962476 8.53573754429817
-6.48564510235048 5.79248686581491 4.23332583159208
1.1052751884572 -4.81284281239015 2.53124710405245
-7.00855961060647 5.28614652068843 7.34913758467883
5.65449366957021 12.4919443888883 5.59423526749015
8.18454524033793 -8.45143854288215 2.54562663845718
-4.99751292045077 6.85572974308879 2.29818534338847
4.65464890474776 -10.4234936454825 0.436590758617967
-4.22318564875234 -9.70622084865031 8.05799592519179
1.68497290838804 7.44300903565981 7.96527379658073
-7.31039054011483 4.95147731945883 6.51998166693375
-4.71149173898544 7.00949293419079 8.71765022398904
0.0123774851578946 -4.71499785872499 5.42858576402068
10.2305689426229 -6.29941169667252 8.14716129098088
5.77951171471435 12.423146846112 6.85186761897057
8.57697405063356 10.3544112881658 4.76867365883663
-8.37342314638964 3.40353131395953 2.54553134320304
2.05582774066633 -4.69474005279758 6.7537615261972
2.53899920467148 7.06678386575296 1.411230515223
5.9312635391053 12.3373293808187 5.19526035059243
-0.975047469740015 7.91670871257896 1.39923061011359
11.5175099947922 -4.09726189373932 1.2382453517057
6.35784699572533 1.18874821034022 3.78325926372781
0.989327200953365 -4.81446069347979 2.30433037970215
3.05317428215719 -10.8484626225313 0.716647712979466
3.37690683627946 13.4749222915429 7.02988373115659
-6.10625827758702 6.1111075190855 8.7077021994628
6.24693166464054 -0.205449091319878 0.811343130189925
3.06182058772614 -4.35668423634959 1.72749136807397
2.17938279336649 7.24074276294771 5.27194591704756
-2.35696920733106 7.79909522557838 3.56701224111021
6.35695588456795 1.21531878685313 8.86502349516377
6.26643213924196 2.08612171744661 8.64508542232215
5.53575400968743 -2.09983291281441 9.41185895819217
-8.98005994909277 2.01713875613803 4.78960410226136
3.52755510378922 13.4244725035956 9.74511716514826
1.62037899937091 -11.0230674510542 3.15653434721753
6.10586214485954 -0.782242397844643 3.63720425404608
-9.38879470009642 -2.28985291461152 0.71347443619743
5.30147562206079 4.56135382497594 8.78724482608959
-6.75853747744131 5.53886068432456 6.59745610319078
3.91524370491284 6.14551783072289 8.30962470499799
12.441719221369 3.02934394058474 2.63282003812492
-9.23094610674145 1.14361336997116 7.59778525447473
0.689010946847823 14.0713818590274 0.187864443287253
-8.57308310840767 -5.06712785422242 6.8809450417757
5.48471715965557 -2.18528453974766 1.18754078634083
5.96390559490139 -1.20332378636767 6.84717056807131
3.75263177900471 -3.97792758577698 5.36120974225923
-3.49883106465492 7.51514767250909 4.82812371803448
3.01086445079964 6.8004643083622 4.91266016382724
12.353881683678 3.51180700215134 7.46418216265738
5.96754842450204 3.21169691389906 8.6472427030094
-2.13716818922554 -10.5826604263992 6.97261726250872
12.4812593026666 2.76873084604679 9.16005488485098
6.17795539535501 2.51303321917302 8.90175817999989
4.20764382474329 5.88337460213738 9.93038559798151
6.77865381969186 11.8087626043528 5.78890856355429
0.784671577764197 -4.81050500014688 5.71058496832848
1.33568370645318 -11.0354851565706 5.86422971216962
-9.13720689061959 -3.5227029268327 2.37805929267779
6.35492427523253 0.710341486603745 7.61701785959303
3.10478920141405 6.74184289823632 7.96688790665939
9.96024450401599 -6.65240264166386 4.96642895974219
8.56955914852844 -8.12309791086725 5.49918193602934
-0.500251995604223 -10.9384395992087 4.1548265540041
5.13433728081897 4.81091795829051 3.61599637661129
-7.01459254879209 5.27978804079297 4.76911027217284
-9.39446297396987 0.252884563837452 8.01521464483812
4.67927514477855 -3.22045051429213 7.00305238598958
6.28658416198808 1.96242351255694 1.17710968246683
-7.71636170628883 4.44011373030874 6.51600964134559
-8.04128135910559 -6.06293582506782 7.75699146557599
6.30565006800369 1.82857897783409 3.74341776361689
4.9099030183442 5.11320274135093 4.25016734749079
0.347259807639398 -4.77240769810342 4.03869785834104
12.4641510709063 -0.884703046978512 4.65356523403898
-6.90592783647434 -7.58370220822118 1.46600291365758
12.2625137169654 -1.91633363174468 5.63520184485242
5.84019819040538 3.53693887453596 7.45576037559658
7.69287478869763 11.1332260230928 3.77686432329938
-7.64159127303044 -6.66875697441783 0.501903267577291
6.21187130497494 -0.373685734908999 2.18506933422759
12.5311807967859 2.36965394404282 1.25987268984318
-0.842346119444111 -10.8858061281277 5.40176723850891
8.39028968868745 10.5305903470122 9.4350273697637
12.2633033570771 3.92507589679138 7.70302395103499
2.07449242835054 13.8336353839502 2.6441527530551
2.33229925173618 7.16966536984124 7.26434890180826
11.836446098214 5.35439560893415 7.54763518925756
3.52089495516828 -10.7501872249264 5.48395068384707
2.36153389062894 -4.61627030518919 8.55804042425007
6.32661678612348 1.65062690245253 1.86959638260305
2.80338528164113 -10.8925083740642 2.9235144937411
-2.00853707159048 -10.6204018754676 5.49480385147035
12.5527687057075 2.15481433642182 5.05905691534281
1.50591093291781 -4.78590555456498 3.76237774500623
11.1959268478532 -4.75696196155308 8.27342222677544
5.67529616343489 -1.84757162016462 5.43715481646359
10.7478568755664 7.63565020935862 5.19252083729953
10.5562766095388 -5.83467097291289 6.58914995146915
5.77736300849569 3.68121691726783 4.06787242274731
-2.44160133010003 7.78398583472933 2.69819234265015
-6.45298859516579 5.82140576365664 5.97501028096303
9.25253466248976 9.65556255639046 2.27733365027234
0.732198972865344 7.72485608589323 4.24130340339616
-0.990926374863817 -10.8594589009356 7.95789252733812
-0.857730678323635 7.9155841102124 8.77158575924113
-1.05263165238872 -10.8478898021482 2.35352944117039
11.946568197149 -3.00884205482351 8.56565048219636
-4.29546455124907 7.20860674393603 6.66816125856712
12.4369229175835 3.05867942190174 9.48896274901927
6.13030119015988 2.6981418504914 9.43707692204043
5.43431718156622 -2.26654652566488 0.0485796015709639
-7.95806619234602 -6.19716941375104 9.75686434423551
2.16536134253655 -4.66895426178709 0.526408767327666
2.05790380124975 7.29426545233392 6.71326702926308
6.33269813520806 0.390032550867669 5.13195162173361
-8.81645892848814 -4.4951592676281 6.88480463577434
2.05708501237584 7.29461753897624 4.1337554785423
0.827034966365449 -4.81204080137888 8.03487024502829
-8.88835134054918 -4.3044155589128 6.1945905839093
-8.50208195002184 -5.21712490337187 9.15791549952701
-0.556785659562866 7.90471769384309 1.77245273254812
-7.21130010863311 -7.22987668102852 0.0111316028051078
-8.42178446119895 3.31298252255242 1.65928999893367
5.70459821491986 -1.79063585661833 1.37397632468492
-9.23456702522734 1.12811382914016 1.28856451017782
3.76561697331253 6.269063133144 0.983454461675137
12.2771864677498 3.86575136739841 8.03678748663515
-9.47033806726219 -1.35785080259794 4.68296529958025
-5.80515873136494 -8.63337513525417 3.66349095711485
11.5419553544725 6.0945001346528 7.38586208084598
-2.74632013847885 -10.3797450766186 9.47253214195371
1.25179786268055 -4.80682770545468 8.26687528286129
4.94823320069142 -10.3175500084202 1.1652196245268
12.5568338986015 -0.113332083152611 4.4969346281141
-5.96323444624986 -8.50083414587679 4.94366838829592
12.4522000163064 2.96368782365973 0.644395949784666
-1.46438184791614 -10.7611447057117 0.876286942511797
6.05206718270977 2.96300942695943 9.92255962220952
4.68466678019718 5.38574097538809 5.69278211565688
5.90853129566531 3.36862531240231 4.31744220666587
2.36487259244893 7.15397931375576 7.0559193356894
5.241851599872 -2.55207192143026 8.66614602971822
-8.91566338643626 2.19933069010497 8.1840466032736
11.5147562239341 6.15674545486672 8.20420134346932
1.28956089190182 -4.80456026983747 0.192244546487927
3.3270173586165 13.4912073408591 0.194958976935595
-4.83973739150031 6.94230819235158 5.58932315791026
-1.22828503984651 7.91321275314389 4.81432828353718
4.79709391972772 -10.3732263832831 8.93682044697925
11.1799617487164 6.859785535287 6.74564006272703
6.43793816072805 12.0317156282898 9.85960095655173
2.40288519033817 -10.9510495088723 7.42792488075793
10.499386229384 8.0321676625622 8.41586144641042
1.8330684437483 -4.73930040091879 1.53395872097462
1.33150415510868 -4.8016975063374 6.67475902708247
2.8602493714333 13.6335697070484 7.00174354249611
-9.06081072023757 -3.78801343370637 7.52548216842115
1.11557863353166 7.62760788144165 6.40587676782161
5.80437381305557 -1.58434645779328 6.85013046255335
6.35657998270571 1.2256385772378 8.45285604940727
-6.21568407997225 6.022991496958 3.25038093375042
-8.63601578831176 -4.92846182398867 9.78307548677549
6.58084001891147 -9.55126091282823 5.66064627375454
3.52941722161593 -10.7482032480984 6.88243507174775
8.48525335290915 -8.19746903477686 6.39532598201185
12.2545875859575 -1.9491795997651 7.1880638343282
-3.12634058857483 -10.2320794558148 1.40923920553178
-7.52922811392399 -6.82328750294223 4.71506379079074
-9.42171868180646 -2.02139328935586 5.92404186259955
-5.64470842997628 -8.7625568585001 1.06392372399569
3.25582941140352 6.64336925769652 9.03209205484018
-5.89604355913084 6.27234720123047 0.842792328912765
6.12280600814148 -0.724081792610132 7.85564260324463
4.81914574719241 -3.07297365445357 4.30712996516377
7.08565505843664 11.5950134664654 3.02261399803683
6.35333603744614 1.30086799371424 2.5694858469069
6.97866153602725 -9.3142431618346 1.65628356160596
3.08022647217965 6.75736316739192 8.13726314576343
2.47663218919789 -4.58140636229357 5.17868303461
-7.37027868073564 -7.03189489963966 3.65174715640023
1.44798450423189 -11.0314626388642 2.10195465944707
12.1643544071305 -2.29855157751872 7.90931334486231
-2.63930217003559 -10.4183503601548 5.64194795209914
0.0239084902576701 7.85089992055505 3.37125500896946
3.28793042951266 -4.24721920649234 5.08586724055931
4.81659952080797 5.22949750707809 3.60103045590222
-4.95852910764207 -9.25990458043983 2.25760726956651
-8.33248414431906 -5.55155546382712 8.46307291882113
1.85383321824577 -11.0074085339365 2.81800121767446
12.5283040187853 2.39577846190488 6.97883472312242
4.49057412732509 5.59997242093677 2.75588774355128
12.4739036969041 2.82008286587498 4.56864194944501
-6.21048563385936 6.02724470941924 8.54616686468944
1.21409637784167 -11.0385542340243 5.7625810126774
10.4179921171285 8.15555380848167 7.2357670054771
10.6542824238103 7.78868227956042 0.209226198494434
5.56962649072362 4.10372820169576 4.85926481196657
8.50572066779935 10.4224535000489 4.3749064556323
1.14951880866924 7.61797542719176 0.506214974448085
-9.22915004650733 1.15125715741419 6.0751608456485
10.1582529748637 8.53035663519197 5.9994133352302
9.26297391777605 9.64393233159837 4.54634065972641
6.24391640721699 2.20938279190488 9.42096739541739
9.83848093243469 8.95681315869844 5.70906730601564
12.6021140594413 0.686780652743236 3.33838989492506
4.89023296639456 5.13814332526891 8.34550709696487
-6.51136177387654 5.76950528357826 8.37947455700487
-9.38130232132156 -2.34343646419017 5.8926140749827
-0.217760328994243 7.87860523710046 0.71997388266027
0.677574465500612 7.73701595930134 4.18308553053066
-0.223457003765929 7.8791664837841 2.55630091298372
-4.11099032863474 7.28806478061123 5.27411922579631
-0.108625933095387 -10.9851491177274 6.23789817327634
4.93896081237875 5.07592950863931 3.48999838111922
12.2027313687373 -2.15506466859262 4.28030733717605
12.5121933850137 -0.535100805041779 0.43064248515293
0.249829017127887 -4.75829076539018 6.67135304771364
9.42599924404105 -7.27814008320282 4.96147903613746
6.09381189902964 -0.82234434796082 5.3321616561152
12.6059019636567 1.02408403229693 9.02900772867724
5.97550112310091 -1.17244807529514 6.85245306463912
3.97792286139548 -3.82357181580474 9.47564635658637
-7.55902362217116 -6.78290524914908 6.65120027028024
3.01291923337379 -4.37863046851364 5.06532880244777
-9.26541448417564 -2.99486614762628 3.39429214363918
9.27733407950901 -7.43756735411749 1.14066251553595
4.12316122421853 5.96210510586522 3.91754418145865
6.49122091951591 11.9978039489104 8.95878914278001
-7.58785861658315 4.61053518237619 0.113203432410955
3.7154105840733 -4.00185301362446 7.26223923498765
8.43164926334886 -8.24401797148495 0.629075926262885
-6.31010363547637 5.94454691266096 3.92400551354513
-5.58129028834677 -8.81218815227191 1.43661520909518
-2.80641845217759 -10.3574988751843 7.4459784082137
4.61209844940847 -3.28760859890543 5.40637266822159
-9.41120249946998 -2.11421987781359 2.40244545508176
-8.26402829279239 3.5996706875301 1.58606769749895
9.63142618115863 -7.04780390100817 2.97670765547082
2.10309708550595 -4.68392818396647 8.05330957751721
12.4779047635637 2.7923349241555 0.442787930369377
-5.03707211557827 -9.20719382797516 7.07449610345066
11.2172507431631 -4.71619148112042 8.39351696893573
1.30669088553759 -4.80343487016588 4.39840400358662
-7.76303975177431 -6.49451406491526 4.02278634952381
6.65848628928384 -9.50668219245556 1.43680964363739
3.28703760063737 13.5041069974948 2.85125507041812
6.12273226700728 2.7256442413072 1.70580609235913
2.48622447200604 -4.57836683747353 0.197079335339367
6.33268309464979 1.58935390919936 1.45811552880332
5.58048729453119 -2.02210305007459 2.35160485608503
5.09127127395163 -2.75230613452285 2.50332542462274
10.9096653658245 7.35936428906176 2.05945807509124
4.39147083148223 5.70289071838214 5.30434990301728
-6.89017978186237 -7.60108482802206 5.31122897053137
5.57468936335831 -2.0323346814749 2.77526836609468
-4.2177589027195 -9.70921581556205 0.181205105036497
5.40438926127282 -10.1345342990704 7.06289930036291
-0.375066125980499 7.89256056354655 2.07551880739629
5.75025276741628 12.4394007004894 7.87803763058037
6.12706393260642 -0.709118442941976 1.57922856276855
2.1858089877673 7.23783965583416 1.40396738424897
6.36090180380898 1.0242109713218 6.7288013221696
-6.20636281059587 6.03061306353462 2.9642775724642
-9.30101500870215 0.818720760548877 8.81208536447957
-6.89030808764703 -7.6009435286137 2.07828077487648
-9.40265089111909 0.19002589822272 6.88786871032789
-9.46868633083891 -1.39870219291546 0.0237051141448319
0.101029195458744 7.84044581672451 3.49502016557381
9.81690859567274 -6.82904448023914 8.56313357595354
0.439307944853994 -4.78383502718888 3.81129896035418
11.4242693990841 -4.29921603265191 4.70445065759122
5.57722335037735 -10.0591496288465 8.30817195819691
-7.54609000551867 4.66413063358528 0.519904640968889
-7.18829978030374 -7.25769675581878 1.69693521922454
2.15619610727091 -4.6712108470621 7.29150912491605
12.4110316616746 3.21019638754765 8.18210099823773
6.08314866295573 2.8625546121776 2.49511683825403
-0.70326411510866 7.91144482691362 1.95204021641985
1.52125459663897 -11.0282231831179 9.54388111596927
10.7805203347074 -5.48512023669298 6.62556153256446
3.16492744758279 6.70326647189083 8.62950280075893
-8.432304236625 3.29295143710355 4.64407969033346
6.47507429374341 12.0081171468381 7.04136172076687
12.2710872238995 3.89197081952552 5.69051515776664
3.77030579871654 13.3390994776568 0.00746247125789523
-9.43775046760443 -1.86082499114512 4.9556248052977
6.34921461716715 1.37596155721042 9.81125809019431
12.4992429547086 2.63632210309351 1.3867799914442
5.55419597884136 -2.06812078731592 8.03020456107333
4.9001178472709 5.12563881327901 5.20498012192547
9.22728803811592 9.68357656102144 2.10637621814385
-6.22642737008634 -8.26777239946762 8.64818529691547
-3.36751071899735 -10.1295341229942 6.73354469472542
12.5038415812884 2.60068685044442 8.20846752496436
4.74427162432905 -3.15324709925811 3.90073902206495
5.97530101010394 3.19015986130949 2.54251922247931
-0.391262150493005 7.89381612270047 5.59149347245693
5.88429530785537 -1.40269747765955 3.74734804732725
-9.47358908754463 -1.2596676655986 1.86402197228745
6.16066404035377 2.58280028236414 3.65694941487163
3.35193338746856 -4.213774549212 6.2039153999649
4.53637571682167 5.55098132030625 5.48323377035558
4.0810501231762 -3.74716036718926 7.28262650314718
11.7694779621603 -3.49573305211325 2.44816463440657
12.2646436414471 -1.90743954983995 5.45710006263107
-7.22527691354373 5.04940292412271 6.62916399771348
1.40849414845692 13.9658080064737 0.869668230880052
10.80207491419 7.54478210215639 6.32880036719143
4.01636946095067 -10.6231416401417 0.680910956580192
-6.69840952862194 -7.80652439500319 8.84645721875131
4.98860584506944 5.01102650150879 1.80617885431275
4.0261225865454 -3.78832690289267 4.30423373123631
6.29845459291911 1.88147291420561 2.39944108296186
1.40960149696865 -11.0329657993927 1.83643859811127
4.50096076042041 5.58894350062282 7.20451857894659
4.95945330662485 5.04932857770646 5.25338515406474
5.42658153604883 4.35784881411948 3.53870157618076
-2.4224009381031 7.7874950673194 1.32720088586211
9.58998890334503 9.26509897451876 7.87609603023157
6.31122538792878 1.78516611301226 7.4843940907158
3.45871084939692 -4.15546891250646 3.79625420318916
4.91647368709998 -2.96375622758038 0.0926009844988585
6.32586382212094 1.65784033841178 9.1588548081927
-1.80798426199992 -10.6758005379528 8.21029373677447
-7.4280079106807 -6.95742016888579 7.90557304164395
4.43324901847911 5.66000724006774 3.47896991297603
-3.45846429028445 7.52821626380009 5.48229393083602
12.0229140524949 -2.77673400610699 7.82812470337376
11.9226588671607 -3.07848188267316 0.535205120686442
12.3487983510088 3.53685110776027 4.49768776074052
-0.601359271643361 -10.9240409945214 3.96042093168944
-0.0202090182167152 7.85652789512725 9.87696573836729
12.487651469758 2.72284628411267 0.479798628948629
-7.59453301413362 -6.73422445126489 5.88514243252575
11.5933296494219 -3.92550080759481 9.33104049647227
5.62026644383279 12.5104845808257 6.70064849313349
7.81519445786044 11.0334458487913 4.1905888915062
10.8664820575596 -5.34373810989641 7.39793002139777
7.30508180907742 11.4343412291153 1.3215356785804
5.95304469981036 -9.88331660457827 3.12215173617005
1.41392747773374 -4.7950159239456 6.73006038181484
9.64378586930577 -7.0335550977033 7.26238520815969
4.36577156052464 13.1077210110989 2.01497528003529
10.113609523606 -6.45548620522354 6.78753496846184
3.67602063662915 -4.02670489558805 7.46298724319786
-9.21886334578597 1.19448671485834 1.89315246185288
5.51233313838218 4.2085622018372 8.17289647180587
4.93166895060243 -10.3237705412624 2.88162463810295
-8.10927355590974 3.85892284085799 8.40408839052543
11.5698618116383 6.02969860659606 1.26635649474338
1.2592095254713 13.9908548531581 8.06958380620927
3.74795447382225 6.28320780791307 5.34251736011356
-5.21368139020008 6.7298292007071 0.310803921893239
6.0375248366484 -9.84148458045416 6.92633362486959
7.39376135405027 11.3674591092631 2.47006516437978
6.36091450796575 0.954411933445062 5.83443851210177
5.9494474982375 -9.88507872836301 2.91445291601121
0.0331007682742725 -4.71928671806029 7.925729455892
9.63544497017489 9.21009404788971 6.58574205823243
9.68523988621815 -6.98542941439599 9.43739379057661
9.32083054035527 9.57897396840384 0.214667748659849
12.1903079290292 4.21825649141695 6.73856697743759
5.49766558133935 -2.16391622865395 8.09813268482685
3.64625722875291 -4.0451685135853 1.97328502312303
-9.36417944558959 0.461432757199711 9.00389144662768
10.1929069192882 8.48191954850857 2.72635286906734
5.2950157622711 -2.47680189276673 1.16209796862677
-7.79614088617336 4.32984373457349 0.948152472265065
-9.01434841929334 -3.93690241599106 1.61822496214882
1.95888897557448 7.33601403248707 6.64744888432324
2.82307815879276 6.91192697693089 0.216163333971053
5.8039044889316 -1.58536640527741 7.18968657543883
2.16712560632541 -4.66851779737306 1.64741388056427
6.26717198695258 2.08183127960887 0.523910673800856
5.97070136381917 -1.18529103315912 1.17193739162758
0.682489623687335 -11.0362536536321 9.46864921599627
11.0432877335514 -5.03836567222416 8.9626892353408
10.4231754833221 -6.03027368217459 4.3476051161997
6.17605245294798 -0.52523269732728 3.8467829185538
-9.4366278468883 -1.87302927615906 1.26387955620885
-5.37129832662443 -8.97099741421406 8.73207823373377
-6.45031495816462 -8.05635583802142 0.157231432385743
5.78359463982336 -9.96464789935106 0.670664336066693
-5.97564779515328 -8.49019637461716 8.08343486627564
1.51668090245875 -4.78472464955286 3.41913181124255
-4.20849483572848 7.24672480473028 4.92504641180858
-5.10898563665338 6.79187755178663 5.90560421580449
1.08650877138886 -11.0403367808924 7.72966216783971
-6.47837512769125 -8.02894792581527 4.9324811110273
9.06384371810588 -7.65659753481966 0.708380138967186
-6.59788728547 -7.90982448118663 9.53342103632167
0.28747082577808 -11.0179100038734 3.74426499474794
-9.44522170660219 -0.216585140291007 0.0686142430640757
5.78448549001633 -1.62713047217214 5.29062244808301
0.86739122950135 -4.81315490406741 1.7320385039784
3.25348409475087 -4.2647619010453 6.63229266181588
-8.98797845160973 -4.01788255468553 0.399138294160366
-8.06449079955138 -6.02463769345879 1.18039744207636
6.36095981363225 0.964449165706205 8.46722716931254
0.697433826505316 7.73264328260744 2.63260931475088
12.6036488385611 1.23682710161457 9.96509642805904
4.88918733936611 5.13946265347192 2.96430000802502
3.23883248028855 -4.27212768305031 6.15418040659279
6.29578990046173 0.0827873683125732 9.20234481338412
6.14168449178337 12.2140423151694 2.23014051560313
7.45712259472349 11.3189669174319 3.70162691688165
-0.173344074203737 7.87408477226889 3.75463828677312
5.25698441650086 -10.1961747139367 3.44287334708497
7.78199783660409 11.0607616338117 4.00171978399158
-3.97160172217331 7.34464219966833 4.1515460703522
5.6166817431585 -1.95712186850684 5.95379857579246
-2.70787452834338 -10.3937619476993 0.67392279393971
4.28226407094639 5.81167448384846 5.27819558046758
0.237801911141077 14.1183224717466 9.96659152908251
1.97092326909653 13.8564062747232 8.95060944836587
6.30023362249743 -9.70580990921979 4.62501307018101
6.00458726514116 -9.85789688680292 9.55390620045364
9.12383958876512 9.79672501898674 0.367838563397527
12.5178167440108 -0.488678564524446 4.74729165900499
-8.09770524761524 -5.96914851514837 1.54222084674984
1.85516795817988 7.37797851006434 8.01632259506732
-8.52539526651745 -5.16858443677515 9.74061010405421
2.97745797739796 -10.8624294587075 2.24091715412214
-7.73591500641171 -6.53411448991032 6.00701893214136
4.80622173994368 -10.3699326052606 7.99986365949735
4.6826859240927 12.9713742196436 5.76778267510235
6.00778800578275 3.09727994639121 9.95805094018579
9.45468220248072 9.42535039534267 4.33479585219175
5.18741406388947 4.7341639606546 5.19546179333702
11.7336520999026 5.6280935709167 3.86055723764002
9.16366597430219 -7.55559331907526 0.499738829676062
5.42963566210849 4.35267736249925 2.64314666390419
9.18667251719652 9.72831212107698 3.82871280424297
7.62292458192839 -8.8822234813401 3.99795291712508
-7.60174284381557 4.59252951822309 9.58617201074958
-4.47890025425687 7.1242849798668 2.48603298095986
4.43012275384249 5.66324125547983 7.68664075760171
6.33299302500542 0.393141653047149 5.08224276127294
-7.73974701423881 -6.52854448107549 5.41366280522197
7.59165765223445 11.2140128648219 7.60217436589301
9.30549579666893 9.59627427373092 2.37024899572134
0.746044771646138 -11.0378774859333 8.14590389607474
12.3968892699631 -1.28376816602578 7.48472412116826
0.125196945846475 -4.73715742880293 8.84449817473069
1.64881788444776 -4.76828303099138 6.52627049479634
-0.641775568893012 -10.9180145550223 4.63301187148318
-6.84757111435328 -7.6477170697881 0.561915684957057
-8.02283941814084 3.99553682485241 0.878134553786367
-2.13788522549675 -10.5824451524488 2.65716107562184
3.78218381360905 -10.6861720002134 9.32472546584904
-7.03492590994443 -7.43822288530717 7.88740828167647
6.92895128803754 11.7056884074919 6.4491923362948
8.56343473442305 10.3674176098048 5.30623427126557
-1.98815072409511 7.85418028563458 5.79237654339522
5.73726702358402 3.76877038522159 0.76152800116688
-7.66910485405928 -6.62996273494009 0.536217652261257
11.8445506547671 5.33198986979401 0.293930214829743
-7.52642931042929 4.68906624398037 6.0553239309229
-8.96214123134295 2.06908178975307 8.49481657380238
-7.4050594439377 4.83902497924466 9.30731194792315
4.41350483854086 -3.47348260938228 8.65761428372934
-2.02967333614442 7.84884797423567 7.95177730731666
12.3621707129527 -1.46368207894123 6.59780323505402
0.11206150822703 -11.0051860203561 0.837016839068383
7.31051061936118 11.4302795514696 1.51084347162396
5.66274149092047 3.92338250489399 9.7612138139084
0.470707950825864 7.77932002677074 7.77245894772932
12.5367160546616 -0.32049155424357 5.0644278456457
-2.00093410003965 7.85256204883517 1.37058412656188
1.91820274215832 13.8676812401827 9.15775268338621
5.38492798060128 12.6345908667294 6.18306386517361
11.0307569526606 -5.06070027628992 2.20781590789557
-9.3556291631433 0.514958676619997 9.55311614787206
1.05517221056396 -4.81388311835085 2.74416103493422
-9.46702100718359 -1.43608116779082 4.27486003143713
2.82411236104423 6.91133348287271 6.07559186406434
6.30681744122495 0.162237683494076 2.64521885663271
5.49231770172491 4.24419064819743 5.05863893544301
-8.73239631400624 -4.70426790171325 2.30270937783644
6.20308954429478 -0.412473953969589 1.97657752316445
6.08669130163817 2.85073655691034 6.65678908582777
11.610636412685 -3.88526460900025 9.37569871777669
8.23281965359846 -8.41182062984402 2.73939850972965
3.7167137038667 13.3583845408373 2.39566752919927
8.50820671975169 10.4200962788542 5.60751108685508
1.36251084645406 7.55362191002457 5.01614443026483
-9.47725398072119 -1.02217288268047 3.89870994258672
-7.85855308767056 -6.35175369516956 6.96879362920299
11.0206446246158 7.16046085205436 3.59233020571992
-0.439274179930971 7.89733998010777 0.0901154498569667
4.3596217588155 -3.52086910745703 5.03605005331337
4.91970903779995 -2.96002636646601 5.03512078663334
2.4203031915349 7.12683734883941 8.74450233066455
-3.9279915443773 7.36174237808643 4.49915076373145
3.51092527010149 13.4301360953203 8.7984007387422
0.475715888957564 -4.78784767462493 9.05636259354651
6.32693837571124 0.332302458455415 3.38420409010723
6.58177780961854 -9.5507272634667 7.62395899510011
9.87332681681254 8.91204114411605 3.57950889971107
10.5226741979169 -5.88483962605313 1.83986966963857
-7.86114319748713 4.23728546219374 7.61547661619261
5.92145982602476 -1.3121973115756 6.24057268258184
-0.108693118571325 7.86704618015441 9.96601473074406
-3.13376686573203 7.62507112912908 8.05426198756322
8.74444345874683 -7.96415344582128 0.827234205789864
6.25302897784706 -0.173555151418071 6.80875337449834
12.6055285162173 1.09767086105454 1.49524688720703
0.156647301633855 -4.74281909610848 3.85557060595602
7.24812009573685 11.4767036084344 1.39356713742018
12.4093761126519 -1.21532371152128 5.61008302494884
12.5368687990555 -0.319043192190993 2.83788803964853
6.20025317262915 -0.424758538750619 8.75041305087507
-2.32055398415048 -10.525819070801 8.02772607421502
-3.38603936788659 7.55108908124548 0.52121341926977
2.27789418218875 -10.966298401414 2.67879507271573
9.14568825449057 9.77304430378032 1.1887339130044
10.7980501684965 -5.4566410599726 2.57399447262287
2.96489178031208 6.82844918468097 4.99056484783068
-4.1423435081602 7.27493130503641 9.82912351144478
11.4171963651362 -4.31414890429198 4.42476134281605
3.05805729301615 -10.8475434415046 4.55254870466888
1.13271463688088 -11.0398613548022 1.54744774568826
0.518672562534919 -11.0303740548345 9.00368554284796
6.29433917371413 12.1213953078514 1.05548061197624
5.10845372561185 4.84756565990885 2.98896776977926
-4.95025084341132 6.88212607942331 3.04687634110451
-1.46119692002232 7.90286295518236 8.95524375606328
5.47354827902077 4.27715711399062 4.58343683276325
9.79194187863459 9.01599934235852 3.22037128964439
-5.70671368443879 -8.71325701203998 1.3059669570066
-9.11635530231618 -3.59798145931549 5.94355418346822
0.726303911323851 -4.80777253268744 7.94137205230072
-8.88636868885927 -4.3098408346288 8.49160018842667
3.72267869737561 -3.99721507362057 6.25477297697216
-3.85477928986263 7.38981334952518 3.49639671854675
10.6816084242939 7.74447565334512 0.858938961755484
9.1597006713779 9.7577963746468 5.39079703623429
12.535161056616 -0.335145452459969 5.45987743418664
5.07779022795295 -2.76937150779497 4.52732658945024
10.3991027983939 8.18376352028731 5.65462218830362
-6.92128321005109 -7.56667545371261 6.1921473685652
4.8427411464058 -3.04701521755601 6.40245835995302
11.0392773228368 -5.0455258097251 8.16942055942491
2.63492223758009 -4.52857440291797 2.13685509981588
-8.84663637205116 2.38214352212391 3.94272159319371
10.8419915458185 -5.38446509204347 9.90069137886167
1.91758639167491 7.3529394664739 1.1756561556831
6.60910245241775 11.9215333043187 5.93086221953854
5.46317140484643 4.29520326849973 4.82393340673298
6.74269262511393 -9.45742728063226 7.0914896344766
8.66836466997302 -8.03408646785509 2.18284897506237
5.1819540943015 -2.63391621884001 1.54456917895004
3.60470906890024 13.3978875179894 7.78039333410561
5.92518583008099 -9.89692299358112 5.06535356864333
3.68884595608248 13.3683143495181 2.37842054571956
4.9445193963903 5.06874001332034 8.13852749764919
-8.80876007849471 2.4776951281349 7.77970069088042
1.40056146488 7.54140642510791 4.88728830823675
-8.22092942201245 -5.75583120363794 9.02331499848515
2.69231110070536 -4.5079971540482 4.14460026891902
-8.76223118577716 -4.63162053446444 8.6834173114039
-8.98291774478785 2.0087598905116 7.61851956369355
1.29254129500585 7.57551169545256 0.135488922242075
6.34474153226051 1.44367405974072 7.89754337631166
10.2137060980061 8.45262485367348 7.13571380358189
7.24323813350355 -9.14433850053708 5.60459247324616
9.03962227811192 9.88694340284561 3.62734728259966
6.3171105704286 0.244248855593895 2.56938155274838
0.765482319029325 -4.80968559938985 2.72390259662643
-4.7817028929547 6.97306024310743 8.08693631086498
2.5550113509537 -4.55596031254317 3.02048224257305
1.0619741855598 -4.8137723239101 1.17602214682847
-6.69760530853017 -7.80736246192001 9.59470910951495
-5.90497540375643 -8.55030830078501 6.70845204731449
6.46586131010049 -9.61581658000948 1.71344398288056
2.98294763621306 -4.3917852387431 6.74617894226685
9.53486939991687 -7.15757034950919 5.40591078344733
0.443434521105379 -11.0268541377918 0.660657368134707
6.35935193183582 1.13323636653548 1.2626201659441
7.62738782716931 11.1856759857701 9.97243393911049
1.57513722610126 7.48250838435776 9.20798300299793
5.16928121783184 -2.65085000852125 8.87674346799031
1.14372810242139 14.0090953015946 5.08934686426073
0.0763039911349982 -4.7279109325296 7.15913820080459
2.52301804459854 -10.9350425393028 4.5718981558457
-2.58264897098397 7.75673655199823 6.0519830067642
-3.93668296521656 -9.85874478114079 2.3138085519895
-9.28582634732991 -2.89675322491375 6.74919271841645
-7.05456504450016 5.23733300119276 2.15490074129775
-4.94568728404222 6.88465381955846 1.62115120561793
5.63992661419027 -1.91434038294905 7.6582753052935
1.5239448906358 7.50026923837021 2.67327263718471
-7.11716916354055 5.16968221456615 6.61095517454669
4.80128194087347 5.24811542912309 1.41826503677294
11.9753698160582 -2.92309152397031 1.37946755858138
12.5856334312169 1.71251298183155 1.58777225762606
3.46892022193504 -4.14972666827403 2.18900844454765
2.0568512785215 7.29471802554615 2.70144812529907
11.0705250193516 7.06833515820809 8.95374224288389
11.4449695806837 -4.25520878596215 3.16450827056542
5.04918971229643 12.8017241992284 0.868349028751254
-0.701340482483197 -10.9088500036501 8.89450088143349
1.66942884886924 -4.76539217390977 0.17065423540771
0.512104239304803 -4.79157271149966 3.35548075381666
-9.20351766529571 1.25732699432101 6.39813188929111
-7.43893237334386 4.79784544704184 1.9081633258611
0.482166669328512 -11.0287306839661 7.40002922713757
4.09532367379694 5.98749796648813 5.62262475257739
5.49996899813025 -2.16009322702939 1.85227559646592
-7.10785307613901 5.17984032460518 1.73462437931448
12.2135677669356 -2.11325090791469 9.68599113402888
12.5691482517614 0.0355443294629638 7.6519777183421
1.5926259571867 -4.77571672395637 2.05581080401316
-8.14636599633169 -5.88635332384393 7.78942689765245
11.9043423454667 5.16253879794553 6.61190826445818
-0.928049053236885 7.91646712704785 3.26744731981307
-7.4151198199526 4.82684756798703 4.16923506651074
4.70733873823803 -3.19170877344467 9.92965433746576
3.13840613916444 -4.32109475294647 3.87070525903255
1.11385217145372 7.6280933431397 9.26682257791981
-8.67549910699982 -4.8384534271613 5.61448651598766
6.52870489340599 -9.58074655436734 3.20747129851952
7.23635558082519 -9.14888754822441 4.41151231527328
-7.69378768097547 -6.59482699021176 7.9817076260224
6.30475707968424 0.146805823569681 6.1746014887467
-3.01520610929527 7.6568297965879 5.71193567942828
1.48979815281233 -4.78762755925212 3.46482633845881
6.35202601740118 1.32654609544903 8.75325304921716
-9.46433056736255 -1.49055449757233 8.93167739501223
0.772573446586186 -4.80999739569515 7.18415332958102
-0.846941108426166 7.91539324569731 9.89370212657377
2.0379378642206 -10.9915718070155 2.52960739890113
-9.42176018292744 -2.02101021518266 3.02125085843727
-5.61794145744398 6.4704020520706 4.70919073326513
9.77562923831108 9.0365824346386 2.50605015316978
-5.56136243824915 6.50868006467682 1.88715523574501
6.3014662953093 0.122745004803222 2.67252631252632
-2.54567370303863 7.76413076175091 8.52209387579933
5.76763436546493 -1.6626997779127 9.31720367865637
9.18337683955588 9.73192430785392 6.52094803284854
-8.10901840254263 3.8593343053978 9.10268972860649
5.05657967891573 -2.79595334811819 6.59323526313528
7.30269854717305 11.4361229766292 4.38809865852818
5.21794922131391 -10.2120945478948 4.8760525486432
5.68991381545432 3.86815616339393 4.22083842102438
9.0095600806442 9.91874641514705 1.16718173259869
12.2493404805869 -1.97071000499658 1.98671893682331
10.6185721488463 7.84587092542606 2.75028895353898
12.5054062064838 2.58837839458115 9.14988438831642
-0.863361935272883 -10.8822085507862 3.37615743977949
-5.01703849474337 6.84470784883484 2.7111337101087
5.59096651596662 -2.00348783159039 0.622172902803868
-8.13889740544753 -5.89917981790874 4.83368528774008
-6.60242239654566 -7.90522625227479 7.71169578423724
-0.687473694146884 7.91085102983414 9.80635741027072
0.598829918840675 -4.79930670533307 8.70808535488322
5.90005748083119 -1.36482760949725 8.27122905058786
-8.99355389149407 -4.00095870180466 8.44470316777006
1.12263999732921 7.62561775579123 3.02799535449594
-4.13634140216824 7.27745718646318 0.124934182967991
3.18211628298873 6.69208812433662 4.92209133459255
5.45927497484071 -2.2266786967005 4.42115034908056
-1.66283760625823 7.88838112085578 0.906646838411689
10.9372068872 7.31075424362133 1.06623423751444
4.29656365526456 -3.57477657279672 9.87001098459587
6.32177782453517 1.69569937166958 2.77947261463851
-8.80786318686591 -4.51719033563409 2.75547954719514
-5.66649967523068 -8.74531882527883 0.615178605075926
7.70192049545087 11.1259284253192 0.353370504453778
6.06012138178356 -0.929504371929398 0.383239989168942
1.97506798358787 -4.71210894964174 5.97490280400962
11.8842007133866 5.22046334277342 9.16413182392716
1.70122335143529 -4.76075961062631 0.8943961863406
-7.77813310996802 -6.47230215722139 7.24283433053643
2.10604782571946 -4.68323738573858 7.34645898221061
12.6058917706795 1.02845758087517 4.59033645922318
4.58914468454626 13.0126000061326 7.96417026547715
-4.34363676202262 7.186982111601 5.26754037709907
1.04281590558032 -4.81405990574707 3.3276962605305
-2.43891750279335 -10.4872103721505 7.28215164039284
12.6048894170684 0.834842084068743 0.197842149063945
3.50287135177601 6.470473442265 7.11952138924971
9.58576133755576 9.27018417806481 9.82213482959196
4.17271989782992 5.91622914050269 0.195513097569346
-8.25536013900548 3.61473099909173 7.90651046438143
5.7606022413721 12.4336621031741 3.54399029165506
6.35722804213102 1.20754485783102 4.33295765658841
5.12495507448299 -2.70907383019526 2.89775756187737
12.5919716223611 0.404155793897567 8.55541471624747
4.93865758683241 -2.93804883066617 0.601354765240103
-3.6429525942077 -10.003671384577 3.05126875871792
-1.90547137656432 7.86414458491923 1.91382568562403
2.31456870638225 -4.6296508747195 3.13807332189754
-7.62316374951699 4.56456054087434 3.10082984156907
-6.29872440427177 -8.20088116793294 4.12520789308473
-6.02663149350926 6.17340122319887 3.17962300032377
-2.81543080108048 -10.3541274514332 3.01992902997881
-5.48993652235914 -8.88230426210112 7.79498108895496
5.00510596508562 4.9891034239215 2.59736413834617
5.26055539403183 -2.5258815180787 5.08957831189036
2.87612836036106 -10.8802822140837 1.73663021996617
2.89623410743502 -4.42859358670749 6.92918651038781
-7.81710336493786 4.30026806548095 6.81009381776676
12.5705014452254 0.0533500428113434 5.23778984555975
0.0511457869463792 -4.72294085513264 7.45067104697227
3.06596096566473 -4.3547984053441 7.39150128094479
-8.24879641467469 -5.70585219564376 9.81873528333381
0.985018192823057 -11.0407025982299 6.00319104501978
11.2883543333912 6.64373545562485 9.13390668807551
-7.56281213696845 -6.77774042889594 7.36494648037478
-1.38305004690976 -10.7796067738166 4.11701478529721
6.34241996636113 0.503097288580998 2.37338833976537
0.381655958630703 -4.77689369980365 7.29703743010759
-4.77750347016628 -9.37753406900856 9.35091966297477
12.605800217519 0.9394029753188 5.59619307983667
-9.01496619719783 -3.93497617572158 0.162160391919315
-6.78945982426858 -7.71039430784177 4.19848475605249
11.8689354351217 -3.23022179348342 2.70862994017079
3.4006097705355 13.4671117655262 9.64443162549287
-1.67095427718105 7.88769075688792 8.8519697310403
11.2348363515669 -4.68228233001035 9.85402492107823
9.73079752713849 9.09272317269689 7.98586062621325
-8.14324585887645 3.80368841763144 6.87964749522507
4.57230481766564 5.5118926670132 6.7803960875608
0.902829881921099 -4.81385314625946 0.652701640501618
2.75494309389949 -4.48466143097954 9.29088907549158
-6.59109441597238 -7.91670106738183 4.50201178202406
-9.09067942789182 -3.68760826744652 9.87690982641652
-4.8025307121444 -9.3615862163978 0.768597763963044
7.46027061197293 11.316542148649 8.67946172133088
0.844963996592373 -4.81257773991177 8.64263762487099
-5.31290621588448 -9.0136943474301 2.07804486854002
2.99314292617476 -4.38733555910586 4.73845663480461
-4.76594522468895 6.98131010869739 3.67584315594286
5.13035889391122 -2.7020579085492 0.613945070654154
4.38945111920557 13.0978570932602 8.92124101985246
8.61925817352653 -8.07857805424615 7.39676803117618
12.4562123641076 2.93795383792608 3.45201896736398
4.36443192739458 -10.5193975256446 6.48303909460083
3.81623198535736 -3.93603422650134 3.4431510232389
11.526631175236 6.12967837838483 7.85471618641168
2.67697493937011 -4.51357106667299 6.5948436758481
2.0710652061256 -4.69130704065654 3.50816811667755
3.1023366720906 -4.3380430624748 0.555217806249857
5.58011454930582 4.08405672355359 9.93803904857486
5.59179393139457 4.06196741006397 6.69114138931036
-9.13995161284813 -3.51261596511308 8.99653904372826
-8.17994308029926 3.7429949806536 1.59804644528776
0.196797024126208 -11.0116856345105 7.07912946818396
9.49512381426149 9.37798798144054 5.26313396869227
2.98048489962183 -4.39285621396972 1.4403716288507
-8.28011165660758 -5.64887123000733 1.40852713258937
-0.0409573770498249 -10.9917718125254 6.08206669567153
-2.65562352639442 7.74161797109213 1.39218818629161
4.88207242822107 -10.3422209042704 4.75594205316156
12.0448842518898 -2.70691485968963 4.99363570241258
-8.92768448494943 2.16623396471176 2.97078560106456
0.484837964864962 14.0944447160288 8.85497112059966
1.20875497893211 -4.80905387018935 7.05997801851481
4.23333003758856 5.85892714544753 5.69119688821957
0.233015462199493 14.1187417465887 4.11149077117443
10.9559268571355 7.27743598955713 5.84723203442991
4.8889327052036 -10.3396844329635 7.58410458220169
6.0109214901656 3.08808372020011 5.22450413554907
-6.52498059950957 5.75725986027772 2.31113893445581
6.27866300155328 2.0128531751458 7.26552131352946
5.44918767632709 -2.24287870736115 3.51974373683333
5.19047334860338 4.72967215884383 4.26520168315619
1.61866754281975 -11.0231640143527 4.92453006329015
11.4584678481982 -4.22626396221605 8.41960745863616
2.42169291380741 -4.59841679114741 0.42534843320027
4.79545353063211 5.25516565520322 8.20870240451768
12.508670823252 2.5623815572287 0.444998366292566
-1.50480140336932 -10.7517238707453 0.872768207918853
7.60218149794616 11.2056870244402 7.65063906786963
11.8595770183462 5.29010309545658 5.81384200369939
4.7715518435138 12.9314362690737 3.58770814724267
4.91655735607595 -2.9636598528858 9.64109035907313
4.97829324944149 -2.8913300396732 4.36737110139802
-5.19330395562594 6.74206606308374 7.01147974235937
12.5974441326987 1.45961904709275 4.23519953852519
6.05912011607293 -0.93258611090428 9.58245392190292
-8.97294581507019 2.03788265730931 4.44585670018569
0.585341626647006 -11.0330617365948 3.0157562578097
-7.18888997193455 5.09038737109109 7.66843511955813
1.01951182435603 -4.81430735266051 6.09421302098781
-3.19913564732511 -10.2018644068251 0.324556108098477
-8.75365422735542 -4.65267451623849 8.42020007316023
11.7599668073328 -3.52017818003228 6.17582940030843
-8.74003004300762 2.64352273202955 9.25961606670171
10.7463726847814 7.63811446422885 6.87639738433063
6.04238526073957 2.99319997104204 0.295429327525198
6.31333677580228 0.213146563098137 0.939724447671324
6.3049038822594 1.83421910384683 4.31553667876869
-6.09941996995036 -8.38223777328403 4.28578522522002
9.49310484939801 -7.20421579986497 2.59833825286478
4.82363775196887 12.9076748583167 0.425637939479202
1.00928860829954 -4.81438042525576 7.07278139190748
9.66264948127878 -7.01171995542055 4.71971375169232
8.44775887878321 10.477071908334 3.06920656003058
-4.9375028356597 6.88917790955597 4.37705522868782
-5.57273290088226 6.50104056500017 2.18170691281557
4.54515269048574 5.54148655616315 3.86019964935258
-4.26354957088168 7.2227321818802 3.39435041882098
12.3443617693723 3.55850214290685 6.31851420737803
-1.01899337311166 -10.8542424208773 9.38882283633575
8.6015724846381 -8.09447895387517 2.09722981089726
5.8808582883182 3.43836431516552 1.60042840056121
5.21932982425893 12.7184592463497 9.60513172671199
-4.73446459656645 6.99766464705224 9.24710786668584
7.56427982587775 11.2355931241306 6.68535267701373
11.3477199806337 6.52100778696914 6.34433677187189
-4.04793067201026 7.31402506823717 4.86969931051135
-9.2321098556906 1.13864499025048 9.77400881703943
6.09235902970379 2.8316613591373 0.532245214562863
5.98037961209561 3.17592478581453 4.40470781177282
11.9511759239515 5.02429092953926 6.76430757623166
12.4710623313359 2.83953057618586 8.70914977742359
6.3395920475217 0.46763317710039 8.63422387512401
10.709187730915 -5.59921887480225 6.01982104126364
-9.3468563773149 -2.56615811636784 7.40246691042557
6.06185476104241 2.93197612747354 3.3876684634015
0.8109137119976 7.70659804469446 5.75187550392002
3.552172195874 -4.10178721253734 7.88076502270997
5.23277448874251 12.7117548997571 4.0830037323758
1.98325542446025 -10.9965972268746 5.06572052603588
3.77190709234059 -3.96536677293219 9.20439707348123
2.95981319867803 6.83151254736985 0.214193596038967
4.90517546129791 5.11921824045387 1.18569510988891
7.75646447057619 11.0816513845313 4.56184953916818
3.59276772008911 13.4020354656306 9.02960679959506
3.06558207966245 -10.8461225891478 2.21212495584041
4.45521853723683 -3.43593468909623 6.60561052616686
-8.3005329456845 3.5354932607439 2.17647991608828
10.8874916361721 7.39815307580841 0.709151749033481
1.84711280956852 -4.73680020711084 4.49552679201588
6.34137509537849 0.489696142176361 6.59843047149479
5.84206654840812 -1.50071778770053 5.36698348121718
-8.59250536537698 -5.02493336039911 4.41847161157057
4.10742890258467 -3.72700303963722 6.68713140068576
-4.88821391239177 -9.3062266988607 0.908263581804931
-7.5598492057978 4.64656939613371 0.920154820196331
4.17212137696081 -3.67647905664735 7.43740872247145
9.72070577179008 9.10527515403648 2.2607231256552
6.20833988721585 12.1739252131086 4.58281717030331
4.18722184948885 13.1804425149373 3.61624977551401
-9.43185041130728 -0.0690945262201182 4.30824280250818
4.76368336688697 5.29327132269619 9.59110618103296
4.4739688069959 13.0622272816139 4.10607789875939
-9.41759245117156 -2.0587878936746 7.19744450645521
-0.596164975642757 -10.9248042780391 8.55202632024884
-6.9847016262351 5.31116712120653 2.35404919367284
-6.99067716364675 5.30491901347563 0.197587886359543
-5.67881216170296 6.42847509929438 4.17383540188894
6.21772587209721 2.33839800503882 4.11302896216512
6.34758854761057 0.575824040163497 4.51319329906255
-2.25078511598635 -10.5478679920594 9.2592468787916
-8.09845439120313 3.87632642373934 2.74568818276748
-2.76671688909223 -10.3722408545008 3.15643061418086
-8.27111201548734 3.58731282921014 5.30734398635104
9.25718620309893 -7.45872708066489 8.73026664601639
9.49806696063579 -7.19869962266324 7.20728703308851
-3.83420076221368 7.39756076522863 8.02086014067754
3.85381963731532 -10.6674629434987 5.21736472146586
9.7525482816781 -6.90616710437101 8.65798852639273
12.5267487414699 2.40969947045049 1.39827992301434
11.9920688021824 -2.87239260320812 5.44652575394139
3.95561296656076 -3.83961244097514 0.559266451746225
7.17110958436476 -9.19166498841998 4.69899810152128
9.11925343030242 9.80168119976826 2.69716149428859
-3.75757991493666 -9.94845655885421 3.70944061782211
4.81685414304692 -3.07547753715333 8.846964109689
2.87742540733 6.88043738383645 3.07223617564887
3.28182898281883 6.62587909383097 3.44516912242398
-1.06179823053622 -10.8461396276933 0.245997661259025
-8.31590223480109 3.50810029342663 2.57899995427579
5.74313331616029 3.75616337764156 5.39872609777376
6.31732561030207 0.246061355011508 2.11936781415716
0.871684669579438 14.0481788487946 6.17839683312923
6.33073581691861 0.369747805405745 8.22157056070864
9.47229905357246 -7.22726953901326 3.586554848589
5.42278804923556 -2.28472396294198 1.4009660994634
0.525444954971381 14.090098439446 5.87267719209194
4.24568173308141 -3.61709607656086 7.67516260966659
11.114780800034 -4.90876795606201 9.48730569798499
1.98908175486528 -10.9960747213542 4.74626886192709
9.16681267826334 9.75003908511743 8.261714046821
-7.23371250337877 -7.20257296071943 5.92576637631282
-8.76446112651341 -4.62612381775697 1.48778660688549
5.68323038726111 -1.83230424716101 1.56520360382274
-2.73471127015528 -10.3839951212179 0.876624116208404
-8.89589729941718 2.25290534859687 4.27051788661629
-0.913625697392142 7.9163369972462 3.89210322406143
-5.77051990887356 6.36382031883041 5.97550431266427
1.14817727799072 7.61835937784633 6.02698760805652
0.497374409068214 7.77419695562017 8.4435142041184
3.01707664519982 6.79664740478299 7.8196786227636
12.2387508336575 -2.01366086540269 3.75857247970998
3.03956757928823 6.78275752595499 5.78469672705978
8.44664402391483 10.4781161083862 1.75791111541912
7.89206591718567 -8.68251408248504 8.45430815825239
1.03351537280947 -11.0406441396984 9.69928815960884
-1.58428424289554 7.89463267416339 7.34088888624683
3.97772724970008 6.09188378603383 0.878908131271601
6.30639929335855 1.82287725563086 4.02107029454783
-8.54944600152131 -5.11778859802858 1.98944272706285
3.6822013005267 -4.02283691738662 6.31664365530014
-4.23845747031283 7.23372582340969 3.92053745687008
3.84966228559362 6.20049974171348 5.2635783678852
-6.86604693393015 -7.6275676390152 6.05185927590355
1.585809009241 13.9338953858658 7.75610119104385
12.1510667124593 4.36478558974453 2.95726328389719
-9.42953180274744 -1.94654529901539 1.45744683453813
2.49494754445483 7.08938236457527 5.25360870640725
6.35656607651278 1.22601177441516 2.87048944737762
-1.64632091443978 -10.7174448466818 9.74812181200832
1.37895211325848 -4.79802215371274 3.19669062970206
12.3823268634784 -1.36097922671811 4.26317631034181
-7.7503725317113 4.3935400044407 7.36759408842772
12.0919685056058 4.57346158518116 1.65684444596991
9.63351969536666 9.21243599105133 0.750812734477222
1.17429114021349 -11.0392684338018 5.09784351335838
1.80301600113838 -4.74451145304055 9.7340323519893
6.24666919300309 2.19500164185055 8.15705087268725
-1.80024686858725 -10.6778545773761 3.29841155325994
6.00046861718107 -9.85993990384422 6.98333691107109
5.84449679960842 3.52672314462203 0.928760243114084
-8.35318241044804 -5.51236863272942 8.76172044081613
-9.45798188308922 -0.390461229716211 0.339683562051505
-7.09592914760799 5.1927952024315 7.67057160381228
2.36197752151209 -10.956197797713 4.38129137270153
4.55833535147012 5.52716037093084 0.930938546080142
-3.46388872548621 7.52647348992979 4.99651567777619
5.44562910655498 -2.24856555607712 8.23692681267858
4.24480185037473 5.84792994318033 5.91697469353676
2.58622118433971 -4.54543893380859 0.753441343549639
-8.14401991227504 -5.89038718574125 0.922584356740117
-8.57243193619804 3.01362937658451 3.97013449575752
-3.91479067376924 7.36686265794869 8.52714663604274
-8.6978205763344 2.74099858140544 9.45167678408325
5.95995995908307 -1.21371394235845 9.46448837872595
0.00224220287527946 14.1370081581522 4.5679212664254
3.95345836570969 6.11286274554305 1.60226768814027
12.201922549077 -2.15816165218627 4.10641996655613
-2.07474274430055 -10.6011940220311 2.46243414934725
12.3384538201089 -1.57904676109897 9.78833056055009
-7.63469648062668 -6.67841825005895 6.65044349152595
-8.60639252513018 2.9421027934569 0.942173444200307
1.60283967870636 -4.77441420882378 3.9117314456962
10.1128881679661 8.59307599307001 2.74219590472057
2.60740130899025 -4.53817162234074 2.15857517672703
7.7330640664414 11.100704802132 1.53421729570255
1.6345080030956 -4.7702382411415 2.95980116119608
4.33314161437792 5.76157774369206 9.6333519462496
-0.21076653438194 7.87791043805868 5.63095761695877
12.4084459393862 3.22474957447826 0.86815950460732
5.74423389967837 3.75379062129161 0.762547447811812
4.19030267279751 5.89974324139921 3.59112395672128
-0.266649559643805 7.88328504049738 7.14403338031843
-8.59026957421793 2.97626211755147 8.16281185252592
10.758981606119 -5.5198718592641 3.43004292109981
5.9438178881549 12.3301147539299 3.02001019474119
7.66305604310166 -8.85319942334894 1.73698307713494
7.74115927770017 11.094123245856 4.00443335529417
0.227432988135968 -4.75474908455012 4.13997057825327
7.82137127239623 -8.73613680904698 7.33155836584046
5.81979150886741 3.58480939063609 1.80192478466779
-9.40142266469816 -2.19407163783758 3.63351023988798
10.7525006895053 7.62793202844481 8.73801638139412
-9.4768456498757 -0.902337409736574 2.92010648408905
4.08781025427117 5.99430590647281 1.92119325511158
6.34109441435323 0.486157924892397 5.59264001436532
-6.64408077234561 5.64790859614941 8.26566657749936
5.00645820641583 4.9872988003551 0.600274316966534
-4.03149172960927 -9.80952016126671 8.8594956509769
11.8944140469197 -3.15904656383993 7.0416527823545
-5.28025825735092 -9.03729705420398 6.45281286444515
12.4569862340588 2.93295041011962 1.03144842898473
9.54670795036696 9.31691842441879 3.41604849789292
6.3593939884395 0.845085783582716 4.51711979229003
5.30698188456925 -2.45950213416489 9.89604774862528
-5.66627947589747 -8.74549348968134 2.76899112155661
2.84754141283939 -4.44845770701542 9.66696029296145
-8.11358546974727 3.8519618301979 4.54733611550182
