-1.24456 -0.348933 
0.556969 -0.0138491 
-0.223103 -0.7746 
0.0766937 -0.833703 
-0.993998 0.630194 
-0.964465 -0.338839 
0.0577118 0.155973 
0.263838 -0.288928 
0.700497 0.716753 
-0.328252 0.447068 
-0.922879 0.153838 
0.712654 0.572315 
0.354429 -0.433757 
1.19821 0.346204 
0.136817 0.939573 
0.45156 -0.15416 
0.175721 0.739636 
-1.09661 0.335723 
0.342818 -1.00593 
-0.00450653 1.04511 
0.761997 -1.00334 
1.07961 -0.0676124 
-0.510396 0.485694 
0.214599 0.790189 
-0.181958 0.809764 
0.431365 -0.365151 
-0.0493816 -1.08725 
-1.00494 0.352821 
-1.09032 0.0419719 
0.377818 1.0333 
0.227743 -0.426318 
-0.0375088 0.426788 
-1.12115 0.302582 
-0.0374642 0.622021 
-0.14236 -0.727811 
-0.0918502 -0.0250828 
0.46828 -0.142607 
0.903247 -0.896488 
-1.02205 0.558889 
0.0597842 0.716899 
0.0975945 0.0561158 
0.358208 -0.0399563 
-0.319258 0.437882 
-0.11965 0.744253 
-0.362771 -0.212464 
-0.383528 -0.140987 
-0.168036 -0.459485 
0.497837 0.896013 
-0.842555 0.600263 
0.870624 -0.673237 
0.0138687 -0.0911989 
0.506344 0.39851 
-0.505405 0.0671196 
0.157163 0.789809 
-0.531435 0.264958 
-0.869559 -0.673365 
0.564313 0.738625 
-1.46936 0.628082 
1.01086 0.439205 
0.203618 0.0304351 
-0.112349 -0.269122 
0.174208 -0.290794 
-0.122776 0.877041 
-0.299994 0.376626 
-0.636959 -0.442005 
-0.430196 -0.0511877 
0.856483 -0.276416 
-0.515778 -0.457854 
-0.418278 -0.117082 
-0.60439 0.196334 
-1.06167 0.240369 
0.380026 -0.375974 
0.735128 -0.528392 
0.652434 0.362344 
-0.265781 -0.197556 
-0.515971 0.354311 
0.0463521 -0.913063 
0.208849 -0.868321 
0.916172 -0.497692 
-0.191163 0.196443 
0.190299 0.907075 
0.657221 0.765038 
0.0202111 -0.364772 
0.0170055 0.115085 
0.25925 0.788342 
1.11373 0.388264 
-0.117921 0.00658421 
-0.234605 0.207888 
0.442683 -0.271815 
-0.486102 -0.785235 
0.810985 0.0338412 
-0.406769 -0.84886 
-0.383466 0.00805361 
-1.18654 0.109308 
0.724641 0.0856982 
0.0588377 -0.00905497 
-0.896928 -0.785029 
0.860371 -0.429812 
-0.797249 0.16098 
-0.640475 -0.408618 
-1.33471 0.580835 
-0.464367 0.427737 
-0.717399 -0.321416 
0.631621 -0.661876 
0.177879 -0.53299 
-0.0121838 0.0740698 
0.810893 -0.75696 
0.89731 -0.358303 
-0.689523 -0.632886 
0.373557 -0.221272 
-0.198202 -1.08228 
-0.0114135 -0.218279 
-0.971194 -0.212515 
-0.0762143 -0.987586 
-0.198121 0.102003 
-0.077803 0.730142 
0.128043 0.828803 
-1.24921 -0.0913435 
-0.234565 0.53845 
0.757662 -0.292674 
-0.481068 0.718975 
1.05046 -0.498281 
-0.352512 -1.06105 
-0.110759 0.821073 
-0.514512 -0.437801 
-0.45677 -0.114248 
0.232706 0.101532 
1.25711 0.433182 
0.449404 0.0138827 
-0.422617 0.450474 
-0.120641 -0.118348 
0.986383 0.480619 
-0.241973 0.446566 
0.29002 -0.407565 
0.935074 0.46852 
1.16929 0.506277 
-0.0591299 0.601627 
0.747563 0.0315171 
0.389949 1.08244 
0.181989 0.0211891 
0.477269 0.794619 
-0.0123584 0.351674 
-0.616658 -0.400967 
0.722761 0.57534 
0.968796 0.0475861 
-0.761449 -0.274575 
0.839906 -0.177912 
0.264793 -0.423971 
0.709763 -0.975968 
-0.55347 -0.767946 
1.00516 0.111898 
-0.974979 -0.776434 
1.16499 -0.4722 
-0.489717 -0.0994261 
-0.339451 0.212388 
-0.205147 0.0749391 
-0.449127 0.425599 
-0.101795 -0.438134 
0.463017 0.70293 
-0.709892 -0.241573 
0.50804 0.00861458 
-1.51073 0.437878 
-0.031507 0.85411 
-0.231829 0.674967 
0.442418 -0.598339 
-0.836064 -0.236556 
-0.812631 0.352739 
0.60707 -0.502884 
-0.765765 -0.0915066 
0.443985 -0.062998 
0.290634 -0.453145 
-1.03001 0.60397 
0.995229 0.556933 
-0.388356 0.5232 
-0.090381 -0.285165 
-0.337225 -0.196147 
0.112174 1.00141 
1.19792 0.552994 
0.397743 -0.787588 
0.566134 -0.588207 
0.190594 -0.854876 
-0.415667 -0.93958 
1.12548 -0.293537 
0.932727 0.24109 
0.814233 0.59541 
0.922985 -0.0647846 
-0.582382 0.32735 
0.0678508 1.15217 
-0.195899 -0.294439 
0.109877 -0.182473 
-1.25726 0.153308 
-0.033183 0.0291505 
0.485671 -1.04714 
-0.528136 0.355423 
0.261312 -0.313101 
0.883591 0.185494 
0.945526 -0.71295 
-0.395753 -0.992376 
0.910878 -0.313628 
-0.168393 0.576679 
0.201098 -0.28279 
-0.19604 0.233196 
0.995144 -0.112593 
1.13758 0.453923 
0.878 -0.703853 
-0.617165 -0.529358 
-0.148697 0.277796 
-0.750654 -0.611067 
0.0747785 0.711125 
0.746475 -0.527088 
-0.847234 -0.112999 
-1.32572 -0.338623 
-0.255508 0.114749 
-1.12127 0.0403317 
0.0233764 0.494826 
0.596346 0.796772 
-0.946137 -0.112245 
-1.08409 -0.036458 
-0.437035 -0.15105 
-0.979251 -0.079015 
-0.668403 -0.773164 
-0.502875 0.137843 
0.112053 0.69306 
0.829072 0.575931 
-0.00447434 0.572101 
-0.229729 0.541708 
-0.113677 0.586549 
-0.0914192 0.873163 
0.787249 -0.434587 
-0.18668 0.223292 
-0.367463 -0.783454 
-0.676085 -0.897484 
0.369046 -0.422581 
0.109167 -0.914456 
-0.0643994 -0.180574 
-0.468099 -0.57398 
-0.114473 -0.268049 
0.00594485 -0.551419 
1.0623 0.297647 
0.230549 -0.291998 
0.699877 0.434152 
0.234729 -1.04164 
-0.225095 0.292274 
-0.844166 0.33282 
0.267611 1.22079 
0.0899883 -0.40492 
0.329022 -1.11424 
0.120982 0.957568 
0.93313 -0.0660559 
0.881174 -0.217418 
0.0866748 -0.258914 
0.608663 0.457707 
0.364352 1.09938 
0.166823 -0.946308 
0.204235 -0.503177 
-0.970291 -0.796348 
1.12993 0.0234608 
-0.203838 -1.08963 
0.361467 -0.266988 
0.879482 0.24216 
0.525326 -1.05182 
-1.31966 0.487493 
-0.0326022 0.129559 
0.437582 0.0428625 
0.0102586 0.0880702 
0.161822 -0.0437174 
0.178026 -0.0653349 
-1.17378 -0.319054 
-0.318947 0.24662 
0.999864 0.194824 
0.141306 -0.0686138 
1.09208 -0.177181 
0.431036 -0.665763 
-0.0802301 0.59356 
-0.932981 0.376497 
0.101504 0.017879 
-0.0375639 0.444247 
-0.228384 -0.146739 
0.110059 1.02152 
0.587642 0.741517 
0.83852 0.0564982 
0.672444 0.754679 
0.469413 0.441961 
-0.17708 0.572992 
0.00116532 -1.10073 
0.443359 -0.255437 
-0.186527 -0.855362 
0.395728 -0.644274 
0.263223 1.19307 
0.795369 0.0687264 
0.217982 -0.44955 
-0.577887 -0.439039 
-0.0800188 0.107415 
-0.0678714 0.610709 
0.614006 -0.373831 
-0.108089 -0.986701 
-0.561138 0.341992 
0.379854 0.903881 
-0.978256 0.294327 
-0.759563 -0.490038 
-1.52274 0.395866 
0.755904 0.558824 
-0.424781 -0.225605 
-0.910942 -0.761082 
-0.11294 -0.375179 
-0.302555 0.194374 
-1.26263 -0.0928644 
1.22999 0.155659 
0.931889 -0.198428 
-0.548949 -0.478386 
0.130296 -0.160814 
-0.087679 0.121008 
-0.302811 0.628033 
0.0467097 -0.112075 
0.553088 0.496942 
-0.140878 0.0473828 
0.151731 -0.357213 
-0.328679 0.230166 
0.0584442 -0.397932 
-0.206245 -0.730016 
-0.405976 -0.838671 
0.204773 0.783818 
-1.44525 0.617916 
-0.890017 -0.190991 
0.807096 -0.951476 
1.24018 0.225199 
-0.080695 0.259786 
0.180253 -0.203041 
-0.0468985 0.0636851 
0.964861 -0.72296 
-0.444071 0.212228 
-0.305119 0.186987 
-0.179853 0.167895 
-0.0279719 0.71055 
-0.838405 0.00266198 
-0.303175 -0.120802 
0.245567 -0.170229 
0.267253 0.104032 
-0.399451 -0.18716 
0.795368 -0.240097 
1.15894 0.309438 
-0.192442 0.270659 
-0.141475 0.856174 
-0.359379 -1.00815 
-0.255376 -0.689672 
-0.800614 -0.565403 
0.93185 -0.497574 
-0.568704 0.679756 
-0.963403 -0.801179 
1.00761 0.282353 
-0.292049 -1.13548 
-1.01821 0.363752 
-1.15296 0.106375 
-0.132487 -1.03326 
-1.37716 0.0944755 
0.545703 -0.910277 
0.281827 -0.455607 
0.0302227 -1.01529 
-1.37314 0.386398 
-0.0214171 -0.99964 
0.0862547 -0.418385 
0.483218 0.833459 
-0.456082 0.0523026 
0.647333 -0.874414 
0.315289 0.652163 
-1.1474 -0.484093 
-0.948521 0.736312 
-0.32811 0.307623 
0.0051946 1.12048 
0.385007 -0.698205 
-1.2907 0.11015 
-0.176648 -0.124263 
0.553137 -0.924027 
0.30824 -0.392166 
-0.927019 -0.03482 
0.00897679 -1.14727 
-1.39539 -0.156419 
-0.714409 -0.425365 
-0.109008 -0.384135 
0.319859 -0.0469534 
0.633537 0.764927 
-1.17585 -0.194902 
0.216714 0.0316511 
0.297674 1.16046 
0.621463 0.30816 
-0.416968 0.458225 
0.051291 0.40846 
-0.106242 -0.303534 
0.41723 -0.0592248 
0.0446833 0.147044 
0.144569 0.0389476 
0.647615 -0.328744 
-0.180293 -1.13433 
0.000408279 -0.873466 
-0.0102158 -0.094131 
0.529571 0.440419 
1.21151 0.0444556 
0.820328 -0.0230586 
0.645428 -1.05894 
1.19756 0.124005 
0.389521 -0.197744 
-0.0801146 0.889515 
-0.0108453 0.839534 
0.661159 -0.418504 
0.990742 0.149235 
0.257671 -1.08056 
1.28598 0.218079 
0.905649 -0.563594 
0.477273 0.540989 
-0.0175059 -0.205812 
0.497358 -0.107326 
0.148579 -0.380391 
0.559883 0.27259 
0.703041 0.15214 
-0.327176 -0.215236 
-0.129292 0.529359 
-0.458282 -0.551082 
-0.151593 0.242232 
0.157297 -0.355986 
-0.318056 -0.307092 
-1.33621 0.225235 
-1.19781 0.131313 
-0.18969 0.592058 
0.594422 -0.858154 
-1.16772 0.105427 
-0.0880286 0.925075 
-0.027898 -0.248073 
1.17999 -0.331742 
-0.318701 0.257646 
-0.857154 0.869121 
-0.890147 0.699906 
0.463973 -0.831837 
0.353607 -0.645811 
-1.39215 -0.126739 
-0.518186 -0.779342 
0.712164 0.167795 
-0.516455 0.470862 
1.20633 0.532339 
0.833912 -0.8036 
1.00899 0.301381 
0.451041 -0.61605 
-1.09728 0.425557 
-0.496297 -0.0892574 
-1.09263 -0.0634138 
-0.291795 0.157642 
-0.967989 -0.433236 
0.249126 -1.08452 
-0.121748 0.191766 
-1.13917 -0.0451159 
0.373147 -0.907124 
0.232473 0.591047 
-0.0369869 1.01516 
-0.482163 0.213456 
-0.118446 -0.116074 
0.967886 0.28541 
-0.913734 0.203835 
-1.24045 -0.0951633 
0.663439 -0.378718 
-0.454034 -0.914939 
0.275947 -0.382794 
0.264825 -0.432727 
0.893769 -0.472017 
0.790528 0.00948049 
0.330254 1.15931 
1.05414 -0.399366 
0.501179 -0.53757 
1.16987 0.259068 
-1.011 0.241156 
-1.05148 0.0557574 
-0.239847 0.747962 
0.00156382 0.200543 
0.723176 0.0895809 
-1.16968 -0.603558 
0.241561 0.81767 
0.474046 0.696607 
0.211845 0.620691 
-0.0148513 -0.48134 
-0.379532 0.78445 
-0.444844 -0.889045 
1.10018 -0.633817 
-1.3633 0.0979624 
-0.523051 -0.0168926 
-0.46869 0.58781 
-0.526127 -0.777581 
-0.031968 0.682041 
-0.878625 0.709065 
-1.05844 0.373292 
-0.0546162 -0.769897 
0.637104 0.770378 
0.445582 -0.169559 
0.705752 0.554872 
-0.377055 0.388266 
0.0145756 -0.0182203 
-0.271282 0.120831 
0.694159 0.284931 
0.0692892 -0.000138345 
-0.314108 -0.0247224 
-0.296556 -1.13733 
0.333914 -0.994534 
-1.35098 0.446949 
-1.03113 0.0685643 
-0.295695 0.498827 
0.672933 0.566049 
1.07015 0.341716 
-1.06284 -0.296809 
0.0169412 0.56999 
0.122585 -0.246276 
0.0770483 -0.221836 
-0.570451 0.422942 
-0.0948796 0.907489 
-0.89024 0.576318 
0.266821 -0.386002 
-0.029099 -0.0447266 
0.319906 -0.70175 
-1.12975 -0.131914 
0.041678 -0.811443 
0.275294 0.709614 
-0.0771071 -0.243379 
-0.569054 0.69065 
-0.311648 0.838505 
0.291096 -1.09084 
-0.173391 -0.218962 
-0.79413 -0.838705 
0.458514 -0.264678 
-1.37323 0.101853 
-0.460661 -0.829122 
-0.596618 -0.81309 
-0.263088 -0.319902 
0.834435 -0.22439 
0.00856657 0.810751 
0.861358 -0.737472 
-1.3339 -0.106989 
-0.0209067 -0.792311 
-0.30475 0.379475 
-0.279277 0.891883 
-0.178126 -0.84022 
0.705032 -0.687972 
0.999359 -0.71206 
0.657793 -0.331929 
-1.41775 0.190112 
-0.149066 0.219701 
-0.0100893 1.00531 
-0.462882 0.771142 
-0.242544 0.133665 
-1.15919 -0.131063 
0.920025 -0.0578023 
0.89052 0.504194 
0.296677 -0.406172 
1.08383 0.553253 
0.125093 -0.345737 
-0.0823886 0.944444 
-1.27703 -0.320624 
-1.0268 -0.00640282 
-0.519178 -0.78453 
0.0840167 -0.187942 
-0.958648 -0.151774 
1.05592 0.218402 
0.0285237 -0.316939 
-0.170061 -1.08048 
0.368191 -0.0767191 
0.463346 0.935285 
-0.15356 -1.20295 
-0.0212951 0.456949 
-1.0549 0.258957 
-0.257854 0.129986 
0.320585 -0.725357 
0.288719 -1.02227 
0.212376 0.00358959 
-0.965056 0.550498 
0.475843 -0.793155 
-1.35203 0.44918 
-0.488499 0.135976 
0.438312 0.712507 
-0.287735 0.495469 
1.18497 0.455176 
0.280586 -0.216133 
1.1113 0.535795 
0.4844 0.722931 
0.0424533 0.48492 
-0.311743 -0.159102 
-0.863271 -0.0897748 
0.343803 -0.81515 
-1.15897 -0.0337341 
0.0142448 -0.0127919 
0.464882 -0.176909 
-0.142305 0.789527 
0.337913 -0.141307 
0.502648 -0.0615705 
1.29019 0.236558 
1.11634 0.119769 
0.539688 -1.02646 
0.15957 -0.394135 
0.0819472 -0.923896 
1.09513 -0.668585 
0.0321804 0.0772269 
-0.798073 0.246746 
-0.583781 0.517279 
-0.101609 -0.45607 
-1.2171 0.707108 
0.346103 -0.405944 
0.736105 -0.657541 
-0.216196 0.795104 
1.05542 -0.225184 
0.905741 0.583508 
0.199314 1.08059 
-0.00468643 1.06687 
-0.10711 -0.34569 
-0.13355 0.475932 
0.193541 0.78577 
-0.0543469 0.280895 
-0.257559 -0.697466 
-0.834039 -0.806418 
0.319853 -0.0616759 
-0.136459 0.44616 
-0.709636 -0.156512 
-0.149942 -0.774474 
-1.44553 0.305363 
0.712414 -0.270639 
0.48638 0.020994 
0.455977 -0.223949 
0.583407 0.784105 
0.247177 1.09477 
0.705934 -0.404817 
-0.343196 0.272634 
0.186474 -0.0148493 
0.205605 1.10983 
-0.440343 -1.0658 
-0.470459 -0.704745 
0.43876 -0.107047 
1.10792 0.404034 
-0.768657 -0.368527 
-0.146631 0.632573 
0.238428 0.942754 
-0.0789827 -0.53869 
0.261662 -0.182095 
-0.57476 0.564989 
0.917739 0.41274 
0.493901 -0.926662 
0.395647 -0.873721 
1.15176 0.346613 
-0.160012 -0.173937 
-0.174733 0.829824 
0.389393 -0.201594 
-0.360442 -0.200293 
0.874079 0.786771 
0.323901 -0.433033 
-0.538213 0.749829 
0.885331 -0.73066 
0.646946 0.482388 
0.0498133 0.904294 
-1.21184 -0.148587 
0.0398743 1.08263 
0.0151196 -0.0204515 
-0.376101 0.828373 
-0.198996 -0.429339 
-0.946877 0.0154655 
0.311506 0.605992 
0.00201707 -0.320346 
-1.15119 0.160895 
0.5384 -0.772906 
-0.211348 0.110956 
-1.34117 -0.0907208 
-0.349598 -0.708287 
-1.14774 -0.250967 
-0.509534 -0.469652 
0.977007 -0.495187 
-0.00369551 1.02501 
0.20718 0.0655754 
0.905118 0.312727 
1.16752 0.202387 
-0.541213 0.73491 
0.277574 -0.391117 
-0.173392 -0.351922 
1.06472 0.576277 
-0.155904 0.504447 
0.0332216 0.918022 
-0.301141 0.363729 
0.0584112 -0.171137 
-0.0211878 0.659449 
-1.23642 -0.362245 
-0.0336845 -0.554598 
-0.0605705 0.0392434 
0.715776 0.314696 
0.914334 -0.0660708 
-1.44234 0.0319281 
0.150535 0.0748121 
0.252922 -0.381641 
-0.622915 -0.281334 
0.470323 -0.0220462 
1.094 0.338531 
0.224233 -0.460497 
-0.63445 -0.711944 
-0.938946 0.474795 
-0.0718487 0.871685 
0.422836 -0.207214 
0.861428 -0.244656 
-0.811102 -0.906514 
-0.452707 0.318703 
-0.757141 0.0429013 
0.0310529 0.331836 
0.334273 0.690309 
-1.24573 0.284527 
-0.118174 -0.0471678 
0.156377 -0.0897745 
-0.462272 -0.632254 
0.25479 0.0743941 
1.0431 -0.266541 
-0.0508347 0.679136 
0.346765 -0.153476 
0.265738 1.0115 
0.96175 0.108903 
0.094268 1.00438 
1.04243 -0.34355 
1.17519 0.0668584 
-0.12915 0.239978 
0.0469803 -0.214108 
0.869613 -0.826531 
0.161828 -0.405692 
0.269424 0.7682 
-0.548368 -0.758464 
0.330923 -0.3979 
0.136862 -0.42088 
1.23663 0.485208 
0.746184 -0.50295 
-0.690496 -0.18617 
1.11361 0.314555 
0.949141 -0.442199 
0.0110761 0.00311389 
0.333523 -0.41256 
1.17329 -0.0273318 
-0.593001 -0.68822 
0.544364 0.27443 
0.943376 0.151011 
-0.234898 -0.733022 
-0.846686 0.60908 
-0.446229 0.783996 
-0.229226 -1.18817 
-0.826181 -0.0106803 
0.310365 0.76095 
-0.411432 0.211928 
0.523463 -0.0310367 
0.131023 -0.554452 
0.965728 0.144812 
1.13285 0.658253 
1.01305 -0.133496 
-0.843914 0.238669 
0.273053 -0.399617 
0.965567 -0.07827 
0.243449 -0.259539 
-0.0277206 0.965345 
0.240255 0.0709525 
-0.87495 0.506784 
0.144414 -0.893485 
-0.815181 -0.644007 
0.529908 -0.647592 
0.236947 -0.146087 
-0.731294 -0.255493 
0.178445 -0.40005 
0.345744 -0.184035 
0.390873 0.0335988 
-0.536363 -0.00619901 
-0.367746 0.0713739 
1.07063 0.637432 
0.35097 1.10329 
0.734564 -0.407387 
-1.02376 -0.0474361 
0.372106 -0.0240422 
0.690269 0.187284 
0.791147 -0.445264 
-0.025954 0.728364 
0.569545 -0.764372 
-0.333501 -0.831975 
0.476789 0.963555 
-0.914121 0.834861 
0.297807 -0.475998 
-0.346317 0.259266 
-1.2461 0.711583 
-0.912652 -0.227044 
0.453032 -0.627969 
-0.244336 0.0386657 
0.139943 1.06957 
-0.299174 -0.0996764 
0.107227 -0.115922 
-0.231943 0.179581 
0.767679 -0.590167 
-0.248346 -1.08239 
0.436412 0.0266907 
-0.499505 0.153712 
-0.950522 -0.812386 
1.16628 -0.467613 
-0.910063 0.203975 
-0.825957 -0.388671 
-1.25756 0.371827 
-0.0964554 -0.516634 
0.0966842 -0.181602 
-0.0265968 0.79756 
-0.679313 -0.700889 
-0.26196 -0.394177 
0.49331 0.90944 
0.934122 -0.612229 
0.191736 0.715722 
0.341947 -0.411792 
1.17577 -0.270373 
1.09483 0.524221 
-0.28029 -0.921037 
0.425918 0.655293 
-0.855591 -0.167839 
0.0370859 0.181914 
0.0757688 0.0581948 
-0.143875 -0.0131205 
0.974114 0.100602 
0.194919 -0.970167 
-1.48466 0.317529 
0.312037 -0.448816 
0.0913534 -0.911918 
-1.21851 0.0163121 
-0.0135977 0.921931 
0.0425995 1.0658 
-0.216467 0.255289 
-0.0630042 0.971333 
-0.709146 -0.483534 
0.718285 -0.242973 
0.297472 -1.0279 
-0.0382216 0.16652 
-0.828768 0.451951 
-0.198052 0.829146 
-0.979711 0.18673 
-0.849052 -0.276123 
-0.0906285 0.891489 
0.561461 0.722433 
0.0277452 0.172176 
-0.203417 0.0612229 
-0.752211 -0.372532 
-0.534416 -0.454988 
-0.313322 -0.256968 
-0.0861757 -0.952813 
0.925287 0.636012 
-0.134769 0.0758544 
-0.338389 0.54284 
0.0862418 -0.45284 
-1.21425 0.340328 
0.740995 -0.603224 
0.0333347 -0.544519 
0.0517131 0.400583 
-0.0385817 0.275638 
-1.12719 0.120591 
-0.875787 0.575241 
0.827568 -0.810271 
0.0529342 -0.347031 
0.36769 1.05938 
-1.2677 -0.366469 
0.327197 -0.265641 
-0.197418 -0.17354 
-0.0276905 -0.206178 
0.845571 0.354748 
0.0777471 -0.360211 
1.00306 -0.126223 
0.265444 1.16566 
0.0461366 -0.405794 
-1.23206 -0.148966 
-1.16088 0.264996 
-1.26131 0.422622 
0.653518 0.645078 
-0.575136 0.122116 
-1.22265 0.405072 
0.878878 0.657351 
0.714747 -0.286691 
0.191241 1.067 
0.187948 1.2156 
0.0599251 0.937581 
-0.155528 0.0197388 
-0.0993618 -0.0840131 
0.798566 -0.198164 
0.331999 1.0272 
1.03561 -0.348361 
0.343744 0.868517 
0.0565947 -1.06565 
0.0467142 -1.00463 
-0.249524 0.843406 
0.623424 -0.692038 
0.0081975 -1.10336 
-0.893624 -0.775588 
-0.326201 -0.861695 
0.336973 0.0588845 
0.390283 -0.856663 
-1.2236 -0.0655454 
1.02535 -0.259486 
-0.0617205 -0.475468 
-0.167722 0.392552 
-0.190382 0.367652 
1.19176 -0.523311 
0.368075 1.03332 
-0.277055 0.0797356 
0.03236 0.00529609 
-1.1099 0.747929 
-0.283904 -0.245972 
0.162402 -0.94007 
0.202527 0.0160164 
-1.13752 0.759494 
0.0324789 -0.419382 
-0.199742 -1.16777 
0.757085 -0.619234 
-0.830119 0.0571378 
1.02621 0.244534 
0.644519 0.259228 
0.179751 0.0086824 
1.1674 -0.330603 
0.473947 0.919664 
-0.185097 0.639092 
0.0556259 0.831754 
-0.362132 0.51917 
-0.511539 0.598627 
-0.506128 0.364105 
-0.369526 -0.759583 
-0.356483 0.370118 
-1.31562 -0.0145148 
0.198534 -0.787824 
0.631367 -0.34222 
-0.362709 0.738808 
-0.0112966 0.339585 
-0.130972 -0.0035844 
0.692656 0.245943 
0.125121 -0.349277 
-0.0700541 0.944204 
-0.322583 0.29765 
1.04878 0.210084 
-0.964666 0.704891 
-0.93579 -0.569953 
0.541221 0.440523 
-0.319467 0.413476 
-0.0451603 0.0133907 
0.747278 -0.211704 
0.406117 -0.187152 
-0.441532 -0.776644 
0.260663 0.729069 
-1.02829 -0.611928 
-1.34382 -0.183727 
0.781672 -0.557504 
0.161056 -0.48362 
-0.356606 -0.117071 
1.0095 -0.424117 
0.386491 -0.694566 
-0.00261514 0.186473 
1.15578 0.467378 
0.483766 0.533714 
0.181108 0.717072 
0.755915 -0.658005 
-0.0245472 0.304534 
-0.128627 0.870516 
-0.108599 -0.396873 
-0.36073 0.255356 
0.414667 0.0102612 
0.689095 0.155575 
0.413198 0.940928 
-0.262368 0.853854 
0.417846 0.643236 
-0.237866 -0.408297 
-1.20603 0.73113 
-0.0605923 0.335721 
-0.363645 -0.775611 
1.06536 -0.405141 
-0.471833 -1.01231 
1.05885 0.306438 
0.431674 1.0957 
0.360516 -0.228178 
-1.17891 -0.184196 
0.369038 -0.0786007 
-1.35161 0.054322 
0.39869 -0.163695 
-0.595248 0.186128 
-0.310057 0.615684 
-0.982916 -0.748696 
0.00177871 0.199853 
-0.203846 0.291671 
-0.404454 0.635801 
0.395665 0.688572 
-0.0341158 -0.816519 
-1.28104 0.258695 
0.41119 -1.05426 
-1.16853 0.109594 
0.447581 -0.280708 
0.226478 -0.785608 
-0.0527696 0.167311 
0.689874 0.492036 
-0.736396 -0.116948 
0.613888 0.546646 
-0.0844244 0.326094 
-0.146166 -0.134417 
0.127049 0.692383 
-0.00647825 0.272718 
1.05757 -0.0840431 
-0.319184 -0.969291 
1.10622 0.0588728 
-0.952486 -0.759978 
-1.15534 -0.0965349 
-0.110666 -0.0722383 
-0.150889 -0.501195 
0.955538 -0.0172216 
0.115604 -0.56427 
0.333071 0.910612 
