-1.3941 -0.435047 
0.645762 -0.0542895 
-0.240287 -0.963098 
0.243825 -1.36098 
-1.3634 0.641438 
-1.1081 -0.400083 
0.0917583 0.254084 
0.32749 -0.306415 
0.769549 0.865472 
-0.408989 0.554341 
-1.16198 0.124879 
0.768786 0.706643 
0.384889 -0.480047 
1.27699 0.444454 
0.100111 1.19056 
0.51997 -0.203647 
0.257942 1.03601 
-1.38076 0.271578 
0.457376 -1.26192 
-0.0594294 1.28533 
0.939005 -1.20925 
0.989383 -0.165478 
-0.598901 0.587037 
0.294006 1.07447 
-0.36342 1.1555 
0.466982 -0.429971 
-0.118716 -1.32112 
-1.29629 0.313449 
-1.29392 -0.0252795 
0.297275 1.31079 
0.288647 -0.438411 
-0.12218 0.551678 
-1.39326 0.230531 
-0.0999192 0.768253 
-0.123825 -0.891821 
-0.0739583 0.0426764 
0.5357 -0.192025 
1.07822 -1.0896 
-1.34132 0.562204 
0.168018 0.966204 
0.147657 0.129075 
0.421483 -0.0821917 
-0.398398 0.544871 
-0.188618 0.900545 
-0.34847 -0.209819 
-0.381015 -0.141667 
-0.123673 -0.43906 
0.5361 0.902195 
-1.45207 0.608376 
1.07277 -0.841531 
0.0463017 -0.0444829 
0.616983 0.444349 
-0.550229 0.0881088 
0.222352 1.0646 
-0.599142 0.320871 
-1.00896 -0.750957 
0.716123 1.02666 
-1.05227 0.716873 
1.09796 0.525553 
0.254616 0.046687 
-0.0792838 -0.238251 
0.225262 -0.290412 
-0.146057 1.05598 
-0.370125 0.47292 
-0.76144 -0.520799 
-0.442213 -0.0492974 
1.0035 -0.406775 
-0.624424 -0.549075 
-0.418782 -0.120399 
-0.681284 0.238844 
-1.32162 0.183847 
0.41224 -0.42346 
0.926472 -0.700174 
0.775051 0.447831 
-0.246312 -0.180365 
-0.589182 0.430461 
0.0850231 -1.15331 
0.288357 -1.0838 
1.11641 -0.640021 
-0.224856 0.284689 
0.167199 1.16912 
0.802129 1.01725 
0.0769131 -0.346642 
0.0376134 0.203523 
0.339389 1.08042 
1.19501 0.476301 
-0.104385 0.0798441 
-0.277323 0.291904 
0.506562 -0.330356 
-0.528782 -0.903476 
1.30918 -0.00809113 
-0.456667 -1.00517 
-0.395715 0.0304786 
-1.40672 0.0213093 
1.33993 0.0350103 
0.0953969 0.0521178 
-1.05691 -0.85915 
1.05115 -0.569574 
-1.00909 0.16758 
-0.762385 -0.48153 
-1.11513 0.667075 
-0.549769 0.519827 
-0.845845 -0.381795 
0.820686 -0.869512 
0.191196 -0.544913 
0.0110714 0.155866 
1.01498 -0.93466 
1.07854 -0.478903 
-0.800475 -0.731413 
0.445489 -0.269495 
-0.262071 -1.28344 
0.0329427 -0.188343 
-1.1285 -0.268158 
-0.100981 -1.20912 
-0.209966 0.183354 
-0.144042 0.876136 
0.151203 1.09212 
-1.42539 -0.184776 
-0.318032 0.668796 
0.901185 -0.455229 
-0.574497 0.86828 
1.26725 -0.632156 
-0.418169 -1.25654 
-0.243388 1.08965 
-0.617677 -0.520952 
-0.463756 -0.127948 
0.300262 0.115748 
1.332 0.531254 
0.525758 -0.0339361 
-0.506177 0.551816 
-0.0978198 -0.0676037 
1.07276 0.574315 
-0.318273 0.562368 
0.313182 -0.566585 
1.01854 0.562658 
1.25453 0.595831 
-0.132436 0.746727 
1.37935 0.0161191 
0.30429 1.36672 
0.223178 0.0485555 
0.451903 0.700617 
-0.0864689 0.471397 
-0.737766 -0.474694 
0.782276 0.712644 
1.18012 0.100158 
-0.900911 -0.327414 
0.899471 -0.288278 
0.277701 -0.56646 
0.868748 -1.20408 
-0.625136 -0.886247 
1.1276 0.137489 
-1.13023 -0.847548 
1.39175 -0.615615 
-0.50643 -0.120997 
-0.386051 0.286439 
-0.211514 0.153291 
-0.532165 0.518717 
-0.0534113 -0.415931 
0.641513 1.09934 
-0.84802 -0.289661 
0.591325 -0.0447106 
-1.75601 0.320671 
-0.0411458 1.06371 
-0.314571 0.837244 
0.602474 -0.776354 
-0.982874 -0.285911 
-1.06798 0.330314 
0.788989 -0.701761 
-0.924512 -0.117124 
0.51052 -0.110615 
0.338036 -0.461015 
-1.33847 0.623816 
1.08591 0.654179 
-0.477077 0.636431 
-0.051407 -0.25628 
-0.323413 -0.188785 
0.0611278 1.24903 
1.28928 0.640421 
0.533897 -1.0131 
0.747684 -0.796007 
0.276383 -1.0361 
-0.473247 -1.12123 
1.38408 -0.430599 
1.05834 0.280345 
0.892308 0.729733 
1.37425 -0.146722 
-0.666392 0.389073 
0.00135335 1.41353 
-0.163731 -0.274989 
0.176076 -0.178222 
-1.48709 0.0498514 
-0.0106819 0.105567 
0.607713 -1.29968 
-0.602929 0.432537 
0.325125 -0.323649 
1.03238 0.229405 
1.14572 -0.884352 
-0.461382 -1.18599 
1.08688 -0.423421 
-0.250175 0.720765 
0.272837 -0.288421 
-0.236761 0.321576 
1.30078 -0.23121 
1.22071 0.544102 
1.07844 -0.87835 
-0.740682 -0.62111 
-0.193761 0.376682 
-0.869549 -0.705236 
0.174444 0.970531 
0.939173 -0.69694 
-1.01075 -0.150387 
-1.47712 -0.431837 
-0.280694 0.188677 
-1.32443 -0.0329824 
-0.0512329 0.633363 
0.665985 0.921684 
-1.11569 -0.160357 
-1.27067 -0.102137 
-0.437326 -0.16623 
-1.15653 -0.129574 
-0.788415 -0.88074 
-0.543603 0.17594 
0.194688 0.976512 
0.908859 0.699234 
-0.0677428 0.716943 
-0.313432 0.673223 
-0.193242 0.731018 
-0.127512 1.06838 
0.969942 -0.591515 
-0.224496 0.311281 
-0.402892 -0.926397 
-0.931489 -1.00153 
0.403695 -0.500315 
0.151603 -1.13242 
-0.0331654 -0.137278 
-0.57779 -0.650153 
-0.0817915 -0.237158 
0.0403941 -0.532399 
1.15562 0.37327 
0.293294 -0.297714 
0.799806 0.53417 
0.347712 -1.36903 
-0.279536 0.386166 
-1.14581 0.326354 
0.191141 1.48956 
0.150558 -0.406462 
0.46125 -1.4001 
0.0788549 1.20481 
1.34822 -0.156898 
0.99335 -0.328258 
0.150209 -0.252057 
0.706541 0.537378 
0.286504 1.3737 
0.264116 -1.252 
0.233788 -0.518715 
-1.13106 -0.868175 
1.02546 -0.0436902 
-0.268677 -1.29054 
0.434123 -0.318677 
1.0155 0.284662 
0.652196 -1.30495 
-1.60588 0.343308 
-0.0228303 0.218997 
0.516188 -0.00386775 
0.0350236 0.173109 
0.198509 -0.020009 
0.23414 -0.0562129 
-1.32398 -0.398567 
-0.370213 0.329089 
1.12664 0.239737 
0.17862 -0.0440405 
1.47002 -0.302452 
0.595093 -0.880303 
-0.158067 0.736487 
-1.22948 0.346673 
0.142219 0.0728957 
-0.12295 0.57285 
-0.21485 -0.117278 
0.0563808 1.269 
0.774266 1.09851 
1.27729 -0.00602837 
0.776829 0.931288 
0.536702 0.497659 
-0.259394 0.715997 
-0.083933 -1.36071 
0.510504 -0.31225 
-0.211577 -1.05653 
0.561761 -0.829215 
0.186166 1.46132 
1.29447 0.0214655 
0.258726 -0.469381 
-0.701498 -0.523219 
-0.0759602 0.193772 
-0.143833 0.755841 
0.743246 -0.565241 
-0.140481 -1.20256 
-0.640805 0.413112 
0.440048 0.948622 
-1.25526 0.256289 
-0.887778 -0.56743 
-1.76783 0.281212 
0.826666 0.693634 
-0.413857 -0.24021 
-1.06617 -0.835122 
-0.0679583 -0.352156 
-0.344814 0.269432 
-1.43846 -0.18793 
1.31578 0.302275 
1.04416 -0.300595 
-0.672675 -0.576384 
0.199176 -0.159424 
-0.0912342 0.210327 
-0.392122 0.768762 
0.0824422 -0.0732076 
0.620929 0.56802 
-0.132687 0.125199 
0.220243 -0.353918 
-0.3776 0.308685 
0.119269 -0.392662 
-0.196365 -0.904662 
-0.454357 -0.991428 
0.286118 1.0689 
-1.06861 0.697005 
-1.04327 -0.237835 
0.976828 -1.14476 
1.32385 0.338199 
-0.116763 0.354958 
0.247226 -0.210018 
-0.0287434 0.14365 
1.16586 -0.893587 
-0.500789 0.272979 
-0.345094 0.26082 
-0.203514 0.255722 
-0.0807655 0.836238 
-1.02395 -0.0217196 
-0.297121 -0.103041 
0.312004 -0.201689 
0.343818 0.0970926 
-0.391764 -0.192938 
0.913791 -0.385904 
1.24202 0.405439 
-0.242484 0.36457 
-0.179613 1.04662 
-0.422292 -1.19713 
-0.217045 -0.838008 
-0.925892 -0.648107 
1.13504 -0.638232 
-0.667337 0.820225 
-1.12505 -0.871547 
1.11268 0.34323 
-0.361739 -1.33617 
-1.31359 0.324324 
-1.37273 0.024928 
-0.182551 -1.24599 
-1.59528 -0.0281123 
0.673922 -1.15583 
0.329909 -0.460322 
-0.0266482 -1.27461 
-1.63982 0.258084 
-0.0462105 -1.23247 
0.144944 -0.421088 
0.461186 0.733517 
-0.486831 0.0768604 
0.784947 -1.1145 
0.486723 1.13906 
-1.29433 -0.55977 
-1.4069 0.757357 
-0.389406 0.397153 
-0.0700879 1.42187 
0.539323 -0.91171 
-1.50998 0.00282557 
-0.16388 -0.0756743 
0.681851 -1.17058 
0.35777 -0.582588 
-1.1081 -0.0755389 
-0.0963769 -1.42316 
-1.56296 -0.26713 
-0.84105 -0.497639 
-0.0629035 -0.360783 
0.376361 -0.0788037 
0.810848 1.09749 
-1.33874 -0.276502 
0.273274 0.0386929 
0.2219 1.42818 
0.754309 0.382432 
-0.501192 0.561453 
-0.0396148 0.540953 
-0.0676855 -0.276906 
0.48265 -0.106337 
0.0700601 0.239399 
0.189301 0.0821504 
0.77863 -0.52196 
-0.255673 -1.3415 
0.0368406 -1.09973 
0.0189312 -0.0439541 
0.622303 0.495205 
1.00043 -0.0669029 
1.40137 -0.0450336 
0.798253 -1.30246 
1.02528 -0.00466703 
0.458213 -0.245976 
-0.108657 1.08267 
-0.00426383 1.0595 
0.831019 -0.605451 
1.12442 0.179511 
0.379851 -1.40066 
1.36805 0.352191 
1.10828 -0.72033 
0.478984 0.560584 
0.0243149 -0.171125 
0.5634 -0.15912 
0.210105 -0.384794 
0.709349 0.327063 
0.865945 0.22875 
-0.309742 -0.206921 
-0.208002 0.668497 
-0.678272 -1.16207 
-0.192649 0.332036 
0.228961 -0.354963 
-0.293136 -0.304278 
-1.58138 0.103917 
-1.4235 0.0400186 
-0.273304 0.738043 
0.726235 -1.10058 
-1.38702 0.0212273 
-0.114724 1.13261 
0.0162307 -0.22154 
1.43729 -0.485186 
-0.371612 0.342116 
-1.49282 0.891936 
-1.46184 0.699473 
0.596686 -1.06754 
0.535602 -0.8106 
-1.56611 -0.238746 
-0.570035 -0.896967 
0.873913 0.23945 
-0.605164 0.568876 
1.294 0.621157 
1.03252 -0.986775 
1.10911 0.366453 
0.614423 -0.806568 
-1.4081 0.345277 
-0.516591 -0.11113 
-1.27427 -0.130704 
-0.329861 0.233504 
-1.10609 -0.503072 
0.371252 -1.41667 
-0.144667 0.282036 
-1.32446 -0.120801 
0.485747 -1.15111 
0.502749 1.17996 
-0.0922887 1.25762 
-0.536974 0.269645 
-0.0955772 -0.0648402 
1.07802 0.339554 
-1.17242 0.177577 
-1.41612 -0.187248 
0.821805 -0.563933 
-0.525988 -1.11737 
0.311809 -0.625472 
0.322138 -0.439356 
1.08964 -0.611807 
1.35807 -0.00869132 
0.253341 1.42921 
1.27435 -0.523356 
0.646051 -0.713454 
1.25607 0.357583 
-1.27432 0.194763 
-1.25875 -0.00384037 
-0.315119 0.931814 
-0.00200519 0.308042 
1.33845 0.036597 
-1.31763 -0.684421 
0.304281 1.09821 
0.660277 1.11677 
0.4779 1.1676 
0.032494 -0.462471 
-0.472212 0.96048 
-0.502367 -1.06043 
1.31072 -0.787915 
-1.58111 -0.0223817 
-0.550149 -0.0243177 
-0.559737 0.707328 
-0.586564 -0.905156 
-0.0853721 0.820279 
-1.47545 0.70637 
-1.35592 0.322156 
-0.0481153 -0.964484 
0.82581 1.1388 
0.514284 -0.219349 
0.763609 0.683767 
-0.454251 0.48085 
0.0438333 0.0475232 
-0.299564 0.194457 
0.828602 0.355714 
0.107695 0.0613056 
-0.31363 0.00985398 
-0.366366 -1.33821 
0.445671 -1.24842 
-1.62684 0.312407 
-1.24172 0.0125438 
-0.377679 0.615305 
0.718601 0.687284 
1.15598 0.422828 
-1.2146 -0.364446 
-0.033246 0.721491 
0.188756 -0.241556 
0.137281 -0.214092 
-0.663509 0.509544 
-0.120631 1.10383 
-1.40118 0.569043 
0.286284 -0.631562 
-0.00476582 0.0178667 
0.471332 -0.89713 
-1.29952 -0.205173 
0.221011 -1.32043 
0.398993 1.10207 
-0.042571 -0.208581 
-0.668108 0.831162 
-0.420132 1.04389 
0.417831 -1.38873 
-0.149091 -0.188277 
-0.958434 -0.915197 
0.522967 -0.324537 
-1.59306 -0.0200149 
-0.515488 -0.974193 
-0.766474 -0.91985 
-0.229611 -0.305774 
0.941855 -0.349169 
-0.0578253 0.856321 
1.0614 -0.912618 
-1.50542 -0.211747 
0.182656 -1.27711 
-0.375951 0.476316 
-0.456046 1.16573 
-0.195671 -1.04318 
0.897623 -0.876854 
1.2022 -0.881444 
0.793958 -0.520357 
-1.6647 0.0576466 
-0.185728 0.307083 
-0.0559823 1.23399 
-0.561303 0.933424 
-0.268921 0.211809 
-1.32883 -0.209745 
1.35443 -0.141686 
0.9724 0.606526 
0.323507 -0.564353 
1.17333 0.645009 
0.190469 -0.341529 
-0.11781 1.17567 
-1.42627 -0.410254 
-1.21756 -0.0614941 
-0.583077 -0.928267 
0.142829 -0.176277 
-1.12352 -0.203639 
1.1632 0.287292 
0.0852036 -0.301908 
-0.233904 -1.28548 
0.434214 -0.121238 
0.477791 0.893825 
-0.249315 -1.42003 
-0.106148 0.589536 
-1.31976 0.204467 
-0.286152 0.205738 
0.463729 -0.928759 
0.402743 -1.28916 
0.268343 0.0103111 
-1.36592 0.536718 
0.615912 -1.02506 
-1.62844 0.313821 
-0.530183 0.171235 
0.614008 1.0808 
-0.368772 0.612613 
1.26728 0.547293 
0.350614 -0.253007 
1.19848 0.626793 
0.650398 1.05851 
-0.0281214 0.626561 
-0.302125 -0.146823 
-1.03198 -0.127083 
0.465598 -1.03972 
-1.34593 -0.113 
0.0432585 0.0547011 
0.534599 -0.227387 
-0.327415 1.14264 
0.406852 -0.188682 
0.572569 -0.1157 
1.36758 0.361165 
1.05095 0.0441373 
0.669211 -1.27599 
0.226162 -0.405415 
0.117551 -1.14004 
1.29918 -0.825339 
0.0627324 0.160476 
-1.0292 0.25153 
-0.681161 0.624211 
-0.0531074 -0.433939 
-1.2116 0.763114 
0.393007 -0.536177 
0.930833 -0.838333 
-0.279374 0.988212 
1.31741 -0.340628 
0.99433 0.691851 
0.134229 1.34084 
-0.0716666 1.32959 
-0.0637174 -0.322266 
-0.214427 0.610161 
0.272524 1.06831 
-0.0973632 0.383239 
-0.228985 -0.845189 
-0.993016 -0.881199 
0.37965 -0.0962187 
-0.217302 0.573441 
-0.846816 -0.186122 
-0.143788 -0.973819 
-1.7107 0.167857 
0.838848 -0.444075 
0.572002 -0.0299013 
0.525248 -0.278612 
0.672718 0.946064 
0.177439 1.35982 
0.879037 -0.58046 
-0.39948 0.35626 
0.22751 0.00592904 
0.137076 1.37157 
-0.518143 -1.30288 
-0.614331 -1.08215 
0.505326 -0.157256 
1.18947 0.491428 
-0.898935 -0.433358 
-0.226457 0.786858 
0.195774 1.20951 
-0.0396369 -0.521786 
0.331576 -0.21796 
-0.675069 0.684587 
1.00985 0.494347 
0.617468 -1.1718 
0.51456 -1.11332 
1.23298 0.439921 
-0.135439 -0.136955 
-0.219649 1.02253 
0.458329 -0.249917 
-0.347684 -0.196839 
1.03628 0.97417 
0.353731 -0.514069 
-0.64427 0.891242 
1.08387 -0.905038 
0.733096 0.576974 
0.0230784 1.13696 
-1.3796 -0.23486 
-0.0181366 1.32932 
0.0445632 0.0445441 
-0.488754 1.0192 
-0.155015 -0.411628 
-1.14155 -0.0236172 
0.519866 1.16832 
0.0555484 -0.300853 
-1.38563 0.0786774 
0.688313 -1.00418 
-0.228152 0.192309 
-1.51429 -0.197411 
-0.321358 -0.819494 
-1.30565 -0.328835 
-0.618362 -0.563578 
1.1859 -0.630977 
-0.0537217 1.25861 
0.263232 0.0870718 
1.01987 0.371891 
1.25819 0.304122 
-0.643986 0.873057 
0.297159 -0.612976 
-0.134063 -0.332554 
1.15734 0.668365 
-0.236309 0.639905 
-0.1394 1.38043 
-0.369099 0.456877 
0.107434 -0.146913 
-0.0715153 0.794622 
-1.3855 -0.447299 
0.00122065 -0.538353 
-0.0420283 0.116094 
0.841512 0.399278 
1.40737 -0.139203 
-1.63768 -0.100773 
0.20399 0.134566 
0.319545 -0.399516 
-0.731241 -0.333553 
0.541115 -0.0743838 
1.17817 0.423535 
0.259818 -0.474503 
-0.710446 -0.830516 
-1.33401 0.476231 
-0.0959259 1.06782 
0.491441 -0.260356 
0.992382 -0.368122 
-1.01352 -0.989764 
-0.521727 0.395913 
-0.931923 0.0497225 
-0.039666 0.45549 
0.483991 1.11665 
-1.50465 0.178004 
-0.103358 0.0169343 
0.212284 -0.0791066 
-0.648178 -1.11977 
0.325418 0.0652798 
1.26955 -0.376032 
-0.113163 0.82712 
0.416653 -0.197457 
0.207262 1.27732 
1.14931 0.143576 
0.0427349 1.24976 
1.26233 -0.459833 
1.01851 -0.0269776 
-0.164994 0.330368 
0.0994223 -0.197857 
1.06629 -1.00986 
0.224403 -0.420779 
0.357224 1.08001 
-0.614125 -0.894708 
0.381256 -0.554772 
0.194021 -0.445885 
1.31767 0.579354 
0.936876 -0.67251 
-0.819095 -0.217518 
1.19866 0.402149 
1.1506 -0.564796 
0.0392339 0.0756575 
0.370955 -0.535489 
0.976008 -0.125956 
-0.657603 -0.809062 
0.695247 0.328146 
1.10171 0.186428 
-0.236393 -0.905973 
-1.45126 0.61301 
-0.546957 0.953951 
-0.312271 -1.39482 
-1.00534 -0.0350511 
0.399718 1.081 
-0.465914 0.275272 
0.597491 -0.0842778 
0.13807 -0.574462 
1.11997 0.17791 
1.23744 0.751524 
1.41765 -0.240861 
-1.11831 0.238118 
0.287034 -0.603031 
1.30587 -0.188408 
0.309365 -0.277661 
-0.0658585 1.18615 
0.307629 0.0695635 
-1.34516 0.501612 
0.256397 -1.00012 
-0.94395 -0.732766 
0.708795 -0.867336 
0.301024 -0.167966 
-0.870817 -0.306086 
0.252381 -0.405253 
0.420014 -0.23236 
0.466128 -0.00470134 
-0.57224 -0.0144179 
-0.393854 0.114985 
1.17447 0.730809 
0.275411 1.37453 
0.909534 -0.575579 
-1.20765 -0.102634 
0.438473 -0.0652717 
0.851026 0.249315 
0.977093 -0.602939 
-0.0811757 0.847108 
0.728724 -0.994094 
-0.37152 -0.99745 
0.459759 0.858275 
-1.44288 0.830058 
0.331709 -0.487473 
-0.400833 0.339842 
-1.13046 0.775267 
-1.0632 -0.279235 
0.620382 -0.830793 
-0.254643 0.099657 
0.0784573 1.32179 
-0.295616 -0.0757962 
0.153265 -0.0941023 
-0.26394 0.259691 
0.965008 -0.761012 
-0.310528 -1.27831 
0.512429 -0.0195288 
-0.547092 0.194171 
-1.11596 -0.883649 
1.39332 -0.611248 
-1.1691 0.178553 
-0.960025 -0.455223 
-1.53288 0.260033 
-0.0543355 -0.495709 
0.158829 -0.1727 
0.0409174 1.0347 
-0.782408 -0.807328 
-0.225688 -0.386217 
0.518544 0.892877 
1.13546 -0.769345 
0.270422 1.03061 
0.381492 -0.438191 
1.46565 -0.418622 
1.18132 0.616735 
-0.330538 -1.10579 
0.626263 1.18119 
-1.0105 -0.210469 
0.0533666 0.288103 
0.11985 0.13513 
-0.136338 0.052824 
1.14479 0.13863 
0.298509 -1.27193 
-1.73846 0.187716 
0.342963 -0.497668 
0.131969 -1.15157 
-1.41562 -0.0754155 
-0.0451929 1.13706 
-0.0130564 1.30938 
-0.26388 0.343401 
-0.102648 1.19371 
-0.835204 -0.562462 
0.837858 -0.414966 
0.412684 -1.29452 
-0.0415692 0.260668 
-1.23444 0.426314 
-0.387958 1.16701 
-1.23004 0.145265 
-0.992595 -0.330535 
-0.119618 1.08299 
0.770735 1.18143 
0.0449858 0.273011 
-0.207748 0.136498 
-0.88022 -0.437868 
-0.652457 -0.548218 
-0.290821 -0.24794 
-0.0948898 -1.16865 
1.0264 0.744723 
-0.133208 0.16115 
-0.424993 0.661978 
0.137971 -0.453453 
-1.48818 0.238139 
0.934883 -0.779111 
0.0668246 -0.527596 
-0.0401167 0.532941 
-0.0803601 0.379951 
-1.35127 0.0440185 
-1.40623 0.571029 
1.02414 -0.994355 
0.114191 -0.334502 
0.286951 1.33491 
-1.41616 -0.453724 
0.391915 -0.304766 
-0.176709 -0.143045 
0.011916 -0.169761 
0.960422 0.430257 
0.141882 -0.353209 
1.40546 -0.232449 
0.189226 1.4319 
0.105967 -0.398199 
-1.39993 -0.237831 
-1.4187 0.180778 
-1.5493 0.30244 
0.672256 0.765342 
-0.637159 0.135089 
-1.51069 0.298034 
0.97378 0.773347 
0.851318 -0.459666 
0.12739 1.32567 
0.115244 1.48176 
0.0244105 1.17497 
-0.150228 0.0929614 
-0.077488 -0.026879 
0.884479 -0.328341 
0.265851 1.30039 
1.25211 -0.463305 
0.417266 0.983995 
-0.0490063 -1.38007 
-0.0151746 -1.27231 
-0.367562 1.0947 
0.809831 -0.909373 
-0.0804203 -1.36835 
-1.05217 -0.849067 
-0.37049 -1.03083 
0.407685 0.0275665 
0.51044 -1.09284 
-1.40449 -0.155671 
1.23113 -0.363553 
-0.012862 -0.451981 
-0.240913 0.508543 
-0.263323 0.470859 
1.4142 -0.676791 
0.291017 1.30932 
-0.299011 0.140932 
0.0649527 0.0766291 
-1.27985 0.790334 
-0.260193 -0.230695 
0.24056 -1.212 
0.252727 0.0304284 
-1.24651 0.807177 
0.0894655 -0.409399 
-0.282638 -1.37451 
0.952739 -0.794919 
-1.0364 0.0458175 
1.13593 0.304072 
0.791473 0.319916 
0.218812 0.0354736 
1.42234 -0.481136 
0.495427 0.897688 
-0.267931 0.795198 
0.0638552 1.06779 
-0.449408 0.633133 
-0.605674 0.723865 
-0.581145 0.443075 
-0.396384 -0.892403 
-0.430342 0.461196 
-1.50561 -0.120272 
0.328737 -0.937595 
0.758195 -0.538832 
-0.448473 0.910086 
-0.0792025 0.457802 
-0.119553 0.0657918 
0.840968 0.305893 
0.19062 -0.34726 
-0.101951 1.15632 
-0.381699 0.388366 
1.1597 0.275454 
-1.38775 0.729129 
-1.06934 -0.644552 
0.637116 0.500348 
-0.396473 0.517022 
-0.0234578 0.0873057 
0.855329 -0.372867 
0.47566 -0.236389 
-0.473881 -0.893258 
0.374306 1.09173 
-1.16665 -0.685697 
-1.50516 -0.284584 
0.978461 -0.721615 
0.185023 -0.633611 
-0.357057 -0.110325 
1.2185 -0.544528 
0.54162 -0.906719 
-0.0030996 0.290182 
1.23938 0.557939 
0.498414 0.557706 
0.260433 1.0256 
0.951898 -0.836847 
-0.0752553 0.413707 
-0.154135 1.05075 
-0.0618748 -0.373538 
-0.416554 0.333734 
0.490479 -0.0321786 
0.852526 0.228761 
0.451054 0.916583 
-0.395294 1.11323 
0.622039 1.19436 
-0.196758 -0.396682 
-1.14474 0.79871 
-0.125997 0.446396 
-0.396409 -0.917008 
1.28724 -0.531239 
-0.565539 -1.27771 
1.1513 0.382093 
0.328733 1.40429 
0.433947 -0.275953 
-1.34273 -0.265912 
0.435224 -0.123783 
-1.5571 -0.0617708 
0.468501 -0.210222 
-0.661336 0.223013 
-0.399444 0.751238 
-1.13207 -0.820413 
-0.00149772 0.307285 
-0.256289 0.386408 
-0.495073 0.774594 
0.568008 1.11832 
-0.0120345 -1.02838 
-1.53316 0.145277 
0.533541 -1.31271 
-1.38892 0.0250605 
0.50864 -0.341045 
0.348812 -0.968598 
-0.059556 0.260543 
0.772226 0.601046 
-0.884337 -0.143606 
0.661858 0.642289 
-0.1424 0.430195 
-0.125955 -0.0884038 
0.204898 0.982462 
-0.0426615 0.385396 
0.960104 -0.182981 
-0.377255 -1.15242 
1.0436 0.0108788 
-1.1055 -0.832251 
-1.32986 -0.173364 
-0.0929452 -0.0124999 
-0.111416 -0.485471 
1.25928 -0.140532 
0.119851 -0.590672 
0.286403 1.19647 
