-1.28919 -0.353939 
0.563825 0.00721659 
-0.219835 -0.838262 
0.191776 -1.11805 
-1.05731 0.576275 
-1.00739 -0.351789 
0.0220199 0.180281 
0.286418 -0.251325 
0.690077 0.750616 
-0.372589 0.473936 
-0.979945 0.13579 
0.688891 0.610852 
0.374067 -0.400685 
1.17303 0.392448 
0.105295 1.01704 
0.464801 -0.129984 
0.225443 0.883671 
-1.1457 0.317585 
0.390703 -1.12306 
-0.0337905 1.09806 
0.839585 -1.09201 
0.886207 -0.0985665 
-0.556589 0.511577 
0.253375 0.905327 
-0.266958 0.972533 
0.437399 -0.342639 
-0.0842231 -1.17617 
-1.05764 0.326788 
-1.13781 0.0336881 
0.297155 1.10092 
0.261671 -0.37945 
-0.0880849 0.454881 
-1.16937 0.290572 
-0.0520745 0.643498 
-0.129152 -0.800777 
-0.114285 -0.00830184 
0.479047 -0.117998 
0.977158 -0.970033 
-1.07563 0.519516 
0.135249 0.850783 
0.0799159 0.0873239 
0.357617 -0.0227071 
-0.363401 0.464854 
-0.139115 0.768272 
-0.364113 -0.234909 
-0.389517 -0.164234 
-0.122736 -0.452148 
0.479354 0.766744 
-0.922376 0.539069 
0.948538 -0.742245 
0.00314742 -0.0718144 
0.556101 0.379376 
-0.535628 0.0528044 
0.193609 0.895704 
-0.57106 0.268739 
-0.918641 -0.673972 
0.653721 0.89017 
-1.15277 0.931461 
1.00048 0.480925 
0.189674 0.0545306 
-0.103332 -0.25829 
0.200277 -0.256606 
-0.116213 0.889755 
-0.345673 0.398868 
-0.678593 -0.478317 
-0.445695 -0.0780758 
0.887444 -0.313093 
-0.566246 -0.515277 
-0.427465 -0.13891 
-0.626228 0.18844 
-1.11322 0.225923 
0.388195 -0.345052 
0.806231 -0.601459 
0.700241 0.376585 
-0.268627 -0.208991 
-0.560775 0.36814 
0.0703545 -1.01022 
0.240447 -0.958673 
0.987211 -0.548628 
-0.233332 0.223426 
0.164382 0.991435 
0.734795 0.883295 
0.0593183 -0.33749 
-0.020138 0.140443 
0.295305 0.910248 
1.0976 0.430193 
-0.145026 0.0244971 
-0.281089 0.23148 
0.462634 -0.250523 
-0.477765 -0.794767 
1.17193 0.00532578 
-0.41657 -0.891814 
-0.405256 -0.00268125 
-1.23519 0.105297 
1.15611 0.0325791 
0.0411344 0.0152363 
-0.96025 -0.776181 
0.923561 -0.473679 
-0.864799 0.130682 
-0.679433 -0.443204 
-1.35684 0.61632 
-0.511675 0.448215 
-0.755296 -0.346614 
0.709166 -0.756449 
0.20039 -0.503614 
-0.0425635 0.0975338 
0.887018 -0.832108 
0.955976 -0.388298 
-0.726321 -0.666057 
0.397915 -0.200485 
-0.231997 -1.15622 
0.000481002 -0.200385 
-1.01475 -0.226604 
-0.0876614 -1.07436 
-0.233871 0.121014 
-0.0948712 0.744561 
0.139059 0.918851 
-1.29416 -0.0946353 
-0.273676 0.570586 
0.785573 -0.35847 
-0.52214 0.762617 
1.12513 -0.554128 
-0.390936 -1.1323 
-0.169231 0.913241 
-0.562048 -0.49601 
-0.46738 -0.143253 
0.214543 0.125647 
1.23625 0.475069 
0.447827 0.034029 
-0.468775 0.47436 
-0.133771 -0.105546 
0.97545 0.52423 
-0.285595 0.475125 
0.322441 -0.493744 
0.926171 0.511003 
1.15582 0.54736 
-0.0827167 0.627069 
1.20246 0.00925921 
0.307022 1.14645 
0.162738 0.0464794 
0.39304 0.624901 
-0.0740734 0.381962 
-0.656203 -0.439964 
0.700731 0.616339 
1.07294 0.0305367 
-0.80357 -0.297073 
0.804535 -0.202862 
0.290464 -0.502407 
0.784943 -1.07362 
-0.549306 -0.775223 
1.02036 0.119092 
-1.03421 -0.764462 
1.24375 -0.547035 
-0.500091 -0.133518 
-0.380853 0.231345 
-0.238401 0.0939567 
-0.496484 0.446202 
-0.0594304 -0.420747 
0.579773 0.960857 
-0.754338 -0.265661 
0.512217 0.0245332 
-1.48343 0.563415 
-0.0348535 0.90453 
-0.260797 0.714069 
0.51413 -0.693763 
-0.879157 -0.255555 
-0.878459 0.32266 
0.6652 -0.592051 
-0.808937 -0.111373 
0.445104 -0.0430448 
0.326939 -0.392557 
-1.08309 0.554986 
0.986449 0.601002 
-0.432458 0.551732 
-0.0765682 -0.272082 
-0.34134 -0.215187 
0.0756066 1.0705 
1.1868 0.591545 
0.460441 -0.896912 
0.638957 -0.685264 
0.230153 -0.924104 
-0.446402 -1.0001 
1.24151 -0.368162 
0.964245 0.254887 
0.802239 0.647427 
1.23373 -0.108939 
-0.624278 0.334209 
0.0179807 1.22356 
-0.183095 -0.29781 
0.133677 -0.165209 
-1.30553 0.157908 
-0.0596707 0.0503548 
0.541793 -1.1645 
-0.57295 0.369188 
0.286964 -0.269329 
0.952961 0.194684 
1.02081 -0.781477 
-0.436515 -1.06138 
0.964726 -0.335865 
-0.202003 0.609707 
0.236793 -0.245556 
-0.240713 0.256146 
1.16554 -0.17903 
1.12312 0.495898 
0.953955 -0.771864 
-0.663624 -0.568383 
-0.196758 0.301153 
-0.788538 -0.635929 
0.144637 0.850556 
0.817764 -0.598225 
-0.891582 -0.129523 
-1.36594 -0.339549 
-0.294057 0.132835 
-1.16858 0.0336952 
-0.00476496 0.519441 
0.601714 0.794591 
-0.991524 -0.126735 
-1.12937 -0.0445685 
-0.443959 -0.179928 
-1.0253 -0.0927772 
-0.703015 -0.767186 
-0.530804 0.127976 
0.171809 0.849441 
0.818023 0.626259 
-0.0179876 0.59724 
-0.268586 0.574037 
-0.14462 0.615483 
-0.0987994 0.905347 
0.84941 -0.493215 
-0.230658 0.24638 
-0.370526 -0.816963 
-0.812034 -0.874733 
0.394474 -0.416517 
0.126927 -1.01143 
-0.0633656 -0.163322 
-0.53882 -0.618726 
-0.105654 -0.257531 
0.0494685 -0.521115 
1.04995 0.336675 
0.2554 -0.249171 
0.717921 0.461556 
0.283289 -1.19356 
-0.271538 0.314364 
-0.905341 0.315957 
0.220391 1.28707 
0.136292 -0.381565 
0.385234 -1.24577 
0.0880431 1.03201 
1.20981 -0.120165 
0.87644 -0.236565 
0.118903 -0.235406 
0.625263 0.458178 
0.293728 1.16098 
0.204494 -1.09078 
0.233903 -0.470302 
-1.03251 -0.7838 
0.933069 -0.0110173 
-0.238236 -1.16337 
0.393359 -0.246192 
0.927872 0.253978 
0.585377 -1.16682 
-1.33542 0.521319 
-0.068226 0.153524 
0.434459 0.0612987 
-0.0220852 0.11258 
0.150485 -0.0194027 
0.180276 -0.0458177 
-1.21863 -0.322178 
-0.364867 0.268351 
1.01572 0.21093 
0.133763 -0.0467964 
1.32466 -0.254264 
0.503949 -0.769315 
-0.109088 0.619111 
-0.986858 0.345485 
0.0831186 0.0437671 
-0.086389 0.472548 
-0.238592 -0.152003 
0.0720853 1.08921 
0.708272 0.960133 
1.14609 0.0155201 
0.702391 0.81027 
0.47986 0.432667 
-0.21138 0.606288 
-0.0410996 -1.20304 
0.464649 -0.234499 
-0.193416 -0.931024 
0.474242 -0.741764 
0.214681 1.25773 
1.14652 0.0266617 
0.252664 -0.418423 
-0.621838 -0.488775 
-0.115168 0.128636 
-0.0936831 0.635121 
0.654354 -0.475819 
-0.12372 -1.0699 
-0.604924 0.352789 
0.381184 0.808371 
-1.0302 0.275076 
-0.801861 -0.511722 
-1.50875 0.517829 
0.740698 0.605814 
-0.426271 -0.252411 
-0.971065 -0.753129 
-0.0820596 -0.363382 
-0.344361 0.211703 
-1.30762 -0.0954905 
1.16916 0.242637 
0.923437 -0.210642 
-0.598086 -0.532048 
0.153006 -0.145227 
-0.126647 0.143799 
-0.338854 0.664375 
0.042014 -0.0933979 
0.545376 0.479348 
-0.173331 0.0660606 
0.19578 -0.3157 
-0.372175 0.250711 
0.105064 -0.373452 
-0.193131 -0.793293 
-0.414423 -0.879553 
0.245611 0.902344 
-1.27566 0.838954 
-0.933316 -0.206778 
0.882875 -1.03174 
1.19736 0.27896 
-0.129393 0.28453 
0.207817 -0.181011 
-0.0768955 0.084599 
1.03923 -0.790116 
-0.48826 0.219358 
-0.345479 0.204271 
-0.215824 0.184182 
-0.0401771 0.707681 
-0.884322 -0.01662 
-0.314923 -0.13349 
0.26448 -0.159037 
0.252347 0.124056 
-0.402291 -0.213372 
0.801403 -0.29199 
1.13641 0.357289 
-0.240471 0.293529 
-0.145957 0.881627 
-0.395344 -1.07424 
-0.227809 -0.747238 
-0.83968 -0.583941 
1.00336 -0.548089 
-0.623153 0.719985 
-1.02633 -0.787814 
1.0074 0.311279 
-0.331275 -1.2088 
-1.07101 0.336534 
-1.20206 0.0997731 
-0.158872 -1.11171 
-1.42756 0.10748 
0.605857 -1.02366 
0.31899 -0.394473 
0.0049584 -1.11662 
-1.39936 0.416438 
-0.0317012 -1.09296 
0.134409 -0.39634 
0.400409 0.650356 
-0.485172 0.0393645 
0.714915 -0.976625 
0.438464 0.966348 
-1.19544 -0.485016 
-1.05763 0.641731 
-0.373756 0.329773 
-0.0491566 1.2104 
0.459972 -0.801669 
-1.34066 0.116472 
-0.188772 -0.118833 
0.613855 -1.0373 
0.369415 -0.494777 
-0.972231 -0.0508929 
-0.0462381 -1.25574 
-1.43952 -0.154988 
-0.753404 -0.45203 
-0.0760515 -0.371141 
0.318615 -0.0299445 
0.745161 0.958602 
-1.21962 -0.200302 
0.206002 0.0545001 
0.245619 1.22235 
0.696423 0.314165 
-0.463045 0.482947 
-0.0074681 0.435236 
-0.0897568 -0.293035 
0.41988 -0.0402107 
0.00465219 0.170554 
0.127144 0.0645416 
0.685207 -0.426955 
-0.220484 -1.21007 
0.0225256 -0.964623 
-0.0224935 -0.0752232 
0.552345 0.417018 
0.927944 -0.00890027 
1.25198 -0.0275482 
0.716753 -1.16408 
1.12482 0.213005 
0.406055 -0.177812 
-0.0837968 0.916185 
-0.00607752 0.901999 
0.714299 -0.504474 
1.01874 0.158165 
0.307977 -1.22919 
1.23049 0.284604 
0.979629 -0.622356 
0.42727 0.494502 
-0.00834533 -0.186971 
0.499197 -0.0817301 
0.193744 -0.349855 
0.678331 0.281866 
0.824706 0.19074 
-0.329047 -0.234576 
-0.165164 0.561465 
-0.619959 -0.925537 
-0.199949 0.263066 
0.207165 -0.318008 
-0.309898 -0.329694 
-1.3853 0.241474 
-1.24651 0.128715 
-0.223139 0.62614 
0.65807 -0.966865 
-1.21654 0.0998905 
-0.083746 0.949901 
-0.0124418 -0.230462 
1.28873 -0.419803 
-0.36541 0.279603 
-1.1452 0.72765 
-1.00037 0.616565 
0.524394 -0.94475 
0.432509 -0.737913 
-1.43732 -0.124414 
-0.511272 -0.788484 
0.825268 0.197438 
-0.563403 0.49453 
1.19305 0.569552 
0.911105 -0.878818 
1.00615 0.332596 
0.52092 -0.715086 
-1.14668 0.398063 
-0.506956 -0.12315 
-1.13776 -0.070964 
-0.33413 0.178203 
-1.01061 -0.442004 
0.302331 -1.23978 
-0.164501 0.21452 
-1.1851 -0.0509582 
0.421638 -1.02183 
0.428556 0.970724 
-0.0589488 1.0671 
-0.518094 0.217608 
-0.131969 -0.10298 
0.976857 0.309408 
-0.972627 0.182503 
-1.28529 -0.0989316 
0.708256 -0.465404 
-0.499249 -0.993538 
0.325985 -0.536407 
0.305817 -0.37656 
0.962058 -0.519702 
1.20652 -0.00519837 
0.274025 1.21745 
1.13455 -0.449865 
0.556072 -0.638222 
1.14257 0.308746 
-1.06376 0.223615 
-1.10088 0.0443981 
-0.263896 0.788234 
-0.0389458 0.229853 
1.1523 0.0347222 
-1.21708 -0.596794 
0.270789 0.911877 
0.59691 0.975387 
0.388332 0.952715 
0.0326442 -0.453358 
-0.41397 0.832274 
-0.464203 -0.942233 
1.1721 -0.698208 
-1.4131 0.110095 
-0.536138 -0.0447705 
-0.511716 0.621166 
-0.524798 -0.794807 
-0.04175 0.688512 
-0.993918 0.618736 
-1.11039 0.347312 
-0.0480858 -0.849007 
0.756941 0.996417 
0.460925 -0.145728 
0.683969 0.591412 
-0.424284 0.409561 
-0.00550619 0.00466398 
-0.309987 0.138252 
0.75994 0.291618 
0.0512698 0.0252771 
-0.329779 -0.0262752 
-0.335948 -1.21091 
0.380245 -1.11082 
-1.36557 0.483163 
-1.08129 0.0551821 
-0.338476 0.52752 
0.642641 0.593653 
1.05633 0.382318 
-1.10721 -0.306139 
0.0121743 0.596262 
0.154933 -0.217538 
0.102078 -0.203447 
-0.618079 0.443787 
-0.0903089 0.926365 
-0.962796 0.527932 
0.304274 -0.546918 
-0.0487754 -0.0250882 
0.398441 -0.800368 
-1.17439 -0.137824 
0.0273036 -0.89175 
0.351373 0.932747 
-0.0681092 -0.226924 
-0.623368 0.730123 
-0.351977 0.903503 
0.342183 -1.22828 
-0.173123 -0.215512 
-0.867378 -0.82372 
0.473988 -0.243932 
-1.4239 0.115783 
-0.463775 -0.860068 
-0.600512 -0.770317 
-0.246559 -0.332831 
0.830292 -0.258451 
-0.031058 0.751211 
0.937357 -0.807198 
-1.37798 -0.106311 
-0.0172491 -0.874289 
-0.350551 0.402278 
-0.354628 0.99841 
-0.18263 -0.915286 
0.778337 -0.7712 
1.07257 -0.776936 
0.694888 -0.42591 
-1.47562 0.219403 
-0.195778 0.24107 
-0.0303996 1.05163 
-0.504202 0.81889 
-0.284452 0.152185 
-1.20388 -0.136602 
1.2163 -0.10427 
0.882254 0.548533 
0.331847 -0.488457 
1.07379 0.596295 
0.164929 -0.31162 
-0.0824839 0.983519 
-1.31957 -0.326364 
-1.07427 -0.018187 
-0.523679 -0.812968 
0.103431 -0.170403 
-1.00347 -0.165544 
1.04595 0.252487 
0.0625815 -0.293844 
-0.203612 -1.15632 
0.37133 -0.0605386 
0.424934 0.771289 
-0.203557 -1.28371 
-0.0665664 0.485321 
-1.10594 0.243018 
-0.298781 0.148033 
0.393554 -0.825472 
0.332334 -1.14762 
0.205158 0.0259425 
-1.02235 0.507578 
0.540255 -0.904769 
-1.36715 0.486737 
-0.517998 0.126002 
0.548116 0.945649 
-0.330202 0.524376 
1.16895 0.496842 
0.306897 -0.196324 
1.10041 0.577982 
0.587303 0.921045 
0.0161869 0.509399 
-0.322839 -0.176259 
-0.908824 -0.106242 
0.397585 -0.921106 
-1.2047 -0.0388478 
-0.00654085 0.0104857 
0.479569 -0.15474 
-0.238016 0.959099 
0.350247 -0.125601 
0.502978 -0.0372548 
1.2378 0.294068 
1.01319 0.128032 
0.60191 -1.14331 
0.212701 -0.365293 
0.098676 -1.01833 
1.16829 -0.732468 
0.00221058 0.101548 
-0.864033 0.219278 
-0.63415 0.545326 
-0.0563515 -0.437522 
-1.16215 0.725342 
0.392414 -0.450557 
0.808629 -0.734398 
-0.235789 0.830025 
1.17695 -0.283128 
0.896818 0.62992 
0.149205 1.15246 
-0.04652 1.13291 
-0.0809997 -0.334091 
-0.176768 0.512063 
0.233942 0.900805 
-0.105074 0.307092 
-0.2373 -0.75274 
-0.902993 -0.796811 
0.321061 -0.0463624 
-0.183395 0.479151 
-0.759257 -0.179734 
-0.142246 -0.846179 
-1.49102 0.352322 
0.737189 -0.351385 
0.488026 0.0369138 
0.475232 -0.203001 
0.609088 0.816236 
0.193385 1.16434 
0.761078 -0.481391 
-0.387964 0.293486 
0.173285 0.0103434 
0.154234 1.18051 
-0.494329 -1.16653 
-0.572184 -0.928247 
0.447601 -0.0800537 
1.09258 0.445598 
-0.807852 -0.391897 
-0.174962 0.665284 
0.198806 1.02119 
-0.0263691 -0.515381 
0.284061 -0.168702 
-0.627056 0.597544 
0.915852 0.450878 
0.550481 -1.04148 
0.448502 -0.987184 
1.13155 0.392045 
-0.164563 -0.169019 
-0.185691 0.858021 
0.406302 -0.181527 
-0.362889 -0.221582 
0.931472 0.860101 
0.349452 -0.43666 
-0.589091 0.789818 
0.961152 -0.798815 
0.652424 0.495764 
0.0357854 0.966405 
-1.2564 -0.153918 
0.00215177 1.14262 
-0.00463748 0.00227898 
-0.418765 0.886623 
-0.158778 -0.428278 
-0.994092 -0.00197196 
0.467066 0.982017 
0.0319558 -0.298341 
-1.20094 0.154448 
0.606326 -0.882044 
-0.249078 0.130023 
-1.38521 -0.0888827 
-0.322397 -0.72748 
-1.19073 -0.256375 
-0.562312 -0.526056 
1.04991 -0.545869 
-0.0282532 1.0756 
0.190529 0.0909061 
0.925957 0.339125 
1.13493 0.254181 
-0.591244 0.773777 
0.311743 -0.534453 
-0.148196 -0.351422 
1.05636 0.619209 
-0.195924 0.537897 
-0.0982404 1.13654 
-0.347127 0.384483 
0.0681488 -0.152266 
-0.0269592 0.664989 
-1.28123 -0.365643 
0.0144882 -0.529009 
-0.0887416 0.0592381 
0.767005 0.331766 
1.26219 -0.102058 
-1.48754 0.0377207 
0.133483 0.107801 
0.294452 -0.333754 
-0.670988 -0.317176 
0.468847 -0.00288566 
1.07802 0.381212 
0.248533 -0.41942 
-0.65548 -0.744607 
-0.991989 0.43785 
-0.0815943 0.907301 
0.441271 -0.185141 
0.875351 -0.273814 
-0.907503 -0.888985 
-0.499901 0.33524 
-0.817863 0.0234662 
-0.0375507 0.361933 
0.436923 0.958982 
-1.29233 0.289647 
-0.142128 -0.0310862 
0.16155 -0.0701684 
-0.594693 -0.920559 
0.243759 0.0961426 
1.1323 -0.310006 
-0.0645544 0.694925 
0.36328 -0.138714 
0.214536 1.08173 
1.03762 0.110196 
0.0594049 1.071 
1.12436 -0.386632 
0.948994 0.0216966 
-0.175294 0.260679 
0.0643714 -0.196897 
0.945445 -0.901435 
0.216241 -0.380201 
0.31208 0.915617 
-0.553549 -0.786615 
0.385695 -0.468996 
0.187204 -0.40639 
1.21997 0.52346 
0.816071 -0.573086 
-0.741229 -0.210379 
1.09507 0.359416 
1.01881 -0.481907 
-0.0115796 0.0271426 
0.372078 -0.453414 
0.889002 -0.0675609 
-0.61373 -0.739689 
0.666852 0.284045 
1.00844 0.153544 
-0.222637 -0.791191 
-0.928153 0.545996 
-0.487525 0.834051 
-0.273947 -1.26417 
-0.871016 -0.0296119 
0.357913 0.924919 
-0.457415 0.222718 
0.523632 -0.00705659 
0.156603 -0.545984 
1.01528 0.150186 
1.13565 0.699459 
1.2743 -0.194607 
-0.906659 0.210511 
0.302273 -0.52831 
1.17219 -0.144614 
0.267441 -0.228725 
-0.041195 1.00771 
0.228445 0.0946293 
-0.933755 0.463956 
0.200965 -0.921262 
-0.85883 -0.656077 
0.604874 -0.7528 
0.250654 -0.132279 
-0.773784 -0.278593 
0.23763 -0.361659 
0.368155 -0.170275 
0.390206 0.0562191 
-0.550023 -0.0346689 
-0.398799 0.0714183 
1.06966 0.6803 
0.285904 1.16381 
0.791687 -0.477168 
-1.07051 -0.0589263 
0.369517 -0.00610342 
0.801693 0.208339 
0.854172 -0.503898 
-0.0422146 0.72138 
0.640064 -0.870859 
-0.343983 -0.883954 
0.409414 0.764398 
-1.08096 0.668842 
0.327989 -0.420861 
-0.390467 0.279347 
-1.12823 0.818476 
-0.955168 -0.242454 
0.523527 -0.728965 
-0.279536 0.0563072 
0.095248 1.13811 
-0.316731 -0.111865 
0.110444 -0.0978272 
-0.276338 0.189992 
0.840172 -0.660158 
-0.283649 -1.15362 
0.433827 0.0468329 
-0.529214 0.14623 
-1.01571 -0.799369 
1.24541 -0.542694 
-0.969397 0.18225 
-0.866335 -0.408168 
-1.29593 0.382621 
-0.0450481 -0.494602 
0.1176 -0.164288 
0.00950354 0.887801 
-0.70939 -0.729344 
-0.231865 -0.409538 
0.463198 0.760785 
1.00841 -0.674338 
0.247128 0.888362 
0.363612 -0.364405 
1.31863 -0.368273 
1.0836 0.567158 
-0.3028 -0.98707 
0.564459 1.01833 
-0.899303 -0.184518 
-0.00343769 0.208143 
0.0527424 0.0850445 
-0.173 0.00248574 
1.03565 0.104251 
0.232642 -1.11448 
-1.51508 0.381887 
0.338879 -0.423891 
0.112437 -1.01419 
-1.26585 0.0129846 
-0.0260497 0.966057 
0.00751081 1.12457 
-0.262423 0.277021 
-0.0682846 1.00986 
-0.751732 -0.510829 
0.740935 -0.324353 
0.34205 -1.15272 
-0.078033 0.190126 
-0.905646 0.427647 
-0.283434 0.984767 
-1.03357 0.170795 
-0.89133 -0.294796 
-0.0910592 0.914241 
0.703787 1.03455 
-0.0109247 0.196158 
-0.236309 0.0797902 
-0.790369 -0.396594 
-0.58282 -0.512667 
-0.310099 -0.276934 
-0.0910708 -1.03839 
0.920898 0.683707 
-0.168797 0.0963207 
-0.380324 0.573354 
0.133324 -0.427546 
-1.25882 0.342224 
0.813107 -0.677837 
0.0751017 -0.512181 
-0.00993584 0.428068 
-0.0904191 0.303148 
-1.17714 0.112043 
-0.949098 0.52644 
0.904711 -0.886647 
0.0925997 -0.318844 
0.291084 1.1275 
-1.31043 -0.367832 
0.371048 -0.230597 
-0.204222 -0.173783 
-0.0196325 -0.186605 
0.871367 0.387981 
0.119004 -0.332154 
1.26278 -0.186408 
0.215467 1.23015 
0.0932741 -0.381408 
-1.27646 -0.153809 
-1.20989 0.258637 
-1.29346 0.429302 
0.603875 0.660249 
-0.596855 0.112204 
-1.26277 0.406414 
0.875969 0.710508 
0.741064 -0.364864 
0.142123 1.1392 
0.139198 1.28634 
0.0398268 1.00037 
-0.187827 0.0365276 
-0.118 -0.067866 
0.788715 -0.242603 
0.271827 1.09804 
1.11506 -0.389529 
0.357665 0.832654 
0.00212011 -1.19394 
0.0197564 -1.10887 
-0.295944 0.939104 
0.700503 -0.790353 
-0.0362511 -1.20822 
-0.955734 -0.76693 
-0.341971 -0.91772 
0.330832 0.0853968 
0.443867 -0.968677 
-1.26869 -0.0694859 
1.09669 -0.293592 
-0.0137323 -0.450546 
-0.219436 0.425955 
-0.245155 0.393143 
1.27123 -0.602077 
0.292624 1.10083 
-0.3136 0.0957497 
0.0107155 0.030654 
-1.1244 0.700588 
-0.278135 -0.262296 
0.190735 -1.06674 
0.19022 0.0396955 
-1.12566 0.732496 
0.0801862 -0.395121 
-0.242991 -1.24382 
0.829226 -0.691941 
-0.880074 0.0382138 
1.02542 0.272895 
0.738294 0.264944 
0.161388 0.033871 
1.27351 -0.414299 
0.442362 0.766644 
-0.214741 0.674636 
0.0632032 0.906703 
-0.405727 0.548166 
-0.555544 0.632757 
-0.551405 0.379424 
-0.36745 -0.785555 
-0.403066 0.391506 
-1.36331 -0.0117752 
0.263344 -0.848303 
0.6699 -0.44195 
-0.395071 0.784764 
-0.0717729 0.368724 
-0.158734 0.0131121 
0.776324 0.249865 
0.16625 -0.316932 
-0.071419 0.975956 
-0.368653 0.321551 
1.04112 0.241551 
-1.06048 0.633015 
-0.979628 -0.572611 
0.564371 0.419096 
-0.364408 0.439816 
-0.0708664 0.0337953 
0.760934 -0.282808 
0.422641 -0.166597 
-0.434128 -0.789672 
0.321351 0.921874 
-1.07995 -0.609683 
-1.38661 -0.185685 
0.853748 -0.625084 
0.212066 -0.578227 
-0.365842 -0.137129 
1.08341 -0.467706 
0.461488 -0.797558 
-0.043137 0.215008 
1.14137 0.509511 
0.440914 0.490423 
0.2348 0.882388 
0.827969 -0.73189 
-0.0793866 0.332597 
-0.124016 0.885575 
-0.0733524 -0.38318 
-0.404032 0.27522 
0.415367 0.0319686 
0.81192 0.192836 
0.391583 0.802411 
-0.315986 0.95461 
0.562499 1.02664 
-0.202383 -0.417053 
-1.10579 0.815374 
-0.115782 0.363836 
-0.36545 -0.807935 
1.14672 -0.458458 
-0.542173 -1.13399 
1.04694 0.345054 
0.324888 1.16892 
0.386532 -0.208225 
-1.22279 -0.189596 
0.372464 -0.062656 
-1.39966 0.0610757 
0.412336 -0.145968 
-0.615659 0.180662 
-0.347057 0.650827 
-1.03904 -0.737899 
-0.0387074 0.229152 
-0.250044 0.313528 
-0.444955 0.67555 
0.508025 0.971556 
-0.0213904 -0.898979 
-1.32757 0.268622 
0.465292 -1.17363 
-1.21741 0.104131 
0.465564 -0.25966 
0.285207 -0.865847 
-0.0936581 0.190225 
0.690072 0.518563 
-0.784774 -0.139184 
0.587035 0.553279 
-0.139023 0.34687 
-0.156825 -0.125272 
0.182966 0.850918 
-0.0579303 0.303276 
0.867445 -0.114583 
-0.3489 -1.03376 
0.955101 0.030636 
-1.01119 -0.749988 
-1.20026 -0.101623 
-0.131833 -0.0566034 
-0.098763 -0.488541 
1.12624 -0.0905355 
0.139555 -0.566885 
0.3449 0.834184 
