-1.31844 -0.363179 
0.583647 0.00496189 
-0.231861 -0.874191 
0.220901 -1.22327 
-1.14434 0.578104 
-1.03325 -0.356916 
0.0282532 0.190217 
0.2988 -0.256924 
0.72555 0.781886 
-0.38782 0.48662 
-1.01732 0.136895 
0.720771 0.635956 
0.380311 -0.408641 
1.19602 0.404134 
0.103928 1.06343 
0.476445 -0.137233 
0.244845 0.925429 
-1.19913 0.306494 
0.416846 -1.16634 
-0.0464048 1.14537 
0.874187 -1.12489 
0.909153 -0.128698 
-0.572458 0.521784 
0.277216 0.957763 
-0.306588 1.0126 
0.452004 -0.352831 
-0.101532 -1.21461 
-1.11059 0.318666 
-1.174 0.026189 
0.29508 1.17263 
0.28687 -0.392108 
-0.096578 0.46974 
-1.22324 0.27593 
-0.0685554 0.664269 
-0.133299 -0.828056 
-0.111237 0.000119574 
0.49024 -0.125339 
1.01137 -1.00529 
-1.15008 0.515891 
0.158345 0.875298 
0.0861648 0.0913132 
0.372453 -0.0290252 
-0.378377 0.477094 
-0.149084 0.792615 
-0.360592 -0.235816 
-0.392702 -0.16579 
-0.115808 -0.4534 
0.507573 0.807159 
-0.950889 0.574182 
0.980732 -0.76972 
0.0107886 -0.0680988 
0.570643 0.395406 
-0.542556 0.0415477 
0.213735 0.94561 
-0.580773 0.268351 
-0.95147 -0.686302 
0.684214 0.926905 
-1.11616 1.03573 
1.02593 0.492777 
0.200118 0.0569978 
-0.0924711 -0.259321 
0.205658 -0.258361 
-0.121101 0.925142 
-0.357912 0.409399 
-0.703165 -0.484929 
-0.446322 -0.078317 
0.914161 -0.343115 
-0.584075 -0.521464 
-0.429273 -0.146153 
-0.644043 0.202015 
-1.16083 0.216527 
0.399854 -0.352775 
0.839721 -0.632173 
0.720442 0.407718 
-0.262833 -0.207685 
-0.572146 0.373324 
0.0763501 -1.04549 
0.247051 -0.990944 
1.02103 -0.574962 
-0.236849 0.232434 
0.167267 1.04411 
0.769599 0.921414 
0.0670006 -0.340874 
-0.0134064 0.149853 
0.323472 0.964408 
1.12078 0.440309 
-0.14083 0.0320916 
-0.283643 0.240239 
0.476091 -0.255869 
-0.501974 -0.823113 
1.21604 0.00806899 
-0.435498 -0.915985 
-0.402532 -0.0053594 
-1.27539 0.091766 
1.2245 0.0359387 
0.0496417 0.0202543 
-0.999223 -0.789753 
0.957354 -0.502281 
-0.889353 0.154209 
-0.700614 -0.447375 
-1.20953 0.834392 
-0.526589 0.458484 
-0.776935 -0.350508 
0.741498 -0.793026 
0.20919 -0.507284 
-0.0367859 0.10549 
0.925097 -0.863608 
0.986349 -0.417085 
-0.75368 -0.678312 
0.412083 -0.207425 
-0.247807 -1.18826 
0.00963926 -0.198654 
-1.04324 -0.2284 
-0.0936729 -1.1096 
-0.231679 0.133161 
-0.104162 0.766866 
0.151875 0.969447 
-1.32495 -0.108855 
-0.289843 0.587148 
0.813408 -0.391132 
-0.548129 0.775969 
1.16502 -0.577353 
-0.403651 -1.16355 
-0.197155 0.951351 
-0.578936 -0.501639 
-0.469099 -0.150546 
0.230062 0.125534 
1.26308 0.490477 
0.465941 0.0252373 
-0.482944 0.48675 
-0.125916 -0.101375 
1.00232 0.540638 
-0.297782 0.489675 
0.32804 -0.500517 
0.953887 0.529988 
1.18197 0.554889 
-0.0992269 0.647218 
1.2722 0.014997 
0.299048 1.22125 
0.173829 0.0510549 
0.403601 0.640479 
-0.0822993 0.395539 
-0.676997 -0.443783 
0.733379 0.641552 
1.10675 0.0734136 
-0.828595 -0.300151 
0.82313 -0.235065 
0.294991 -0.509176 
0.814809 -1.1058 
-0.58028 -0.809017 
1.0478 0.125136 
-1.07195 -0.778241 
1.28608 -0.563383 
-0.502853 -0.136217 
-0.387017 0.235201 
-0.234453 0.103822 
-0.510627 0.457208 
-0.0489769 -0.424948 
0.617036 1.00169 
-0.780224 -0.268172 
0.528678 0.0157333 
-1.56758 0.492216 
-0.0303366 0.93948 
-0.275661 0.737637 
0.540789 -0.723233 
-0.906304 -0.257354 
-0.938385 0.367681 
0.705743 -0.631798 
-0.838043 -0.107982 
0.459999 -0.050036 
0.334217 -0.397697 
-1.15936 0.553647 
1.01918 0.616433 
-0.449738 0.567737 
-0.06539 -0.273816 
-0.337237 -0.214898 
0.068332 1.11771 
1.20847 0.602652 
0.481958 -0.932793 
0.671744 -0.723088 
0.242561 -0.950225 
-0.454749 -1.03122 
1.27772 -0.384477 
0.992027 0.255736 
0.83537 0.68014 
1.27318 -0.118914 
-0.633114 0.335162 
0.00445104 1.2725 
-0.173879 -0.296747 
0.144892 -0.165262 
-1.34928 0.138689 
-0.0541347 0.0583142 
0.567208 -1.20032 
-0.58363 0.374351 
0.300647 -0.274564 
0.968189 0.208223 
1.05563 -0.809772 
-0.445654 -1.09456 
0.994621 -0.364845 
-0.21732 0.627339 
0.246398 -0.251132 
-0.246544 0.267079 
1.20348 -0.192622 
1.14851 0.505221 
0.990748 -0.802442 
-0.689821 -0.577676 
-0.199997 0.315309 
-0.816798 -0.647448 
0.165097 0.876783 
0.851132 -0.629161 
-0.921426 -0.127848 
-1.39175 -0.35083 
-0.293003 0.141453 
-1.20472 0.0241649 
-0.017396 0.537493 
0.63346 0.827926 
-1.02026 -0.127401 
-1.16224 -0.052102 
-0.446155 -0.186256 
-1.05581 -0.0940819 
-0.736571 -0.806538 
-0.537434 0.125198 
0.187937 0.880043 
0.851616 0.660643 
-0.0358666 0.617403 
-0.284793 0.590703 
-0.159511 0.633719 
-0.10279 0.940866 
0.881007 -0.524583 
-0.236031 0.257423 
-0.385793 -0.843367 
-0.862324 -0.902452 
0.401719 -0.424665 
0.130216 -1.04429 
-0.0567457 -0.161373 
-0.551823 -0.61947 
-0.0949049 -0.258464 
0.0605148 -0.530158 
1.08069 0.341364 
0.266706 -0.255156 
0.739919 0.491718 
0.309218 -1.25597 
-0.281753 0.326663 
-0.947841 0.300416 
0.203949 1.34614 
0.145623 -0.386422 
0.421864 -1.29509 
0.0844388 1.07742 
1.24899 -0.13066 
0.904547 -0.271147 
0.1277 -0.237519 
0.637916 0.486173 
0.283752 1.23183 
0.228636 -1.14572 
0.243811 -0.476793 
-1.0717 -0.798105 
0.949781 -0.0361756 
-0.25428 -1.19522 
0.408114 -0.252626 
0.952765 0.258597 
0.612169 -1.20141 
-1.41366 0.482583 
-0.0637477 0.163579 
0.451947 0.0505809 
-0.0153432 0.120814 
0.16078 -0.0168077 
0.193007 -0.043705 
-1.24442 -0.333714 
-0.372536 0.273658 
1.04833 0.210085 
0.143793 -0.0434578 
1.36141 -0.26617 
0.531805 -0.804814 
-0.125023 0.637781 
-1.05362 0.365734 
0.0924385 0.046318 
-0.0940693 0.488673 
-0.234747 -0.151702 
0.0635857 1.13707 
0.749112 0.993907 
1.18758 0.0166716 
0.735297 0.842601 
0.491121 0.448811 
-0.226924 0.623795 
-0.0625104 -1.24681 
0.477875 -0.239508 
-0.206124 -0.965504 
0.500515 -0.769981 
0.190686 1.31961 
1.20035 0.0297032 
0.266347 -0.42622 
-0.644907 -0.498157 
-0.111882 0.139454 
-0.109984 0.654844 
0.678823 -0.507095 
-0.132495 -1.10501 
-0.613731 0.356356 
0.410478 0.858853 
-1.08043 0.266522 
-0.828793 -0.518624 
-1.57919 0.461559 
0.77336 0.631353 
-0.422572 -0.25967 
-1.00817 -0.765281 
-0.072976 -0.366353 
-0.348191 0.217949 
-1.33832 -0.110272 
1.2146 0.27162 
0.952979 -0.246846 
-0.622088 -0.541475 
0.164673 -0.144745 
-0.123712 0.154899 
-0.355982 0.684407 
0.0501541 -0.0907197 
0.561722 0.502844 
-0.168716 0.0750106 
0.203833 -0.323869 
-0.379088 0.255486 
0.113676 -0.378688 
-0.195774 -0.825232 
-0.433874 -0.903214 
0.268676 0.953085 
-1.14616 0.965282 
-0.961599 -0.207477 
0.915883 -1.06478 
1.23377 0.301262 
-0.130667 0.295122 
0.215662 -0.185159 
-0.071979 0.0932113 
1.07473 -0.820203 
-0.494625 0.217714 
-0.348803 0.210173 
-0.218706 0.199948 
-0.0455973 0.726268 
-0.916254 -0.00915396 
-0.311068 -0.131455 
0.275656 -0.162838 
0.271741 0.125082 
-0.40262 -0.216977 
0.826182 -0.32312 
1.16178 0.367531 
-0.247341 0.306568 
-0.151246 0.917246 
-0.407217 -1.10582 
-0.226554 -0.774762 
-0.873115 -0.589393 
1.03757 -0.573773 
-0.654701 0.724126 
-1.06589 -0.80195 
1.03818 0.314448 
-0.349477 -1.24636 
-1.12442 0.328517 
-1.24208 0.0878625 
-0.17201 -1.14865 
-1.46788 0.080674 
0.630904 -1.05958 
0.328231 -0.400073 
-0.00888121 -1.16056 
-1.46119 0.387133 
-0.0366462 -1.13179 
0.142942 -0.400443 
0.414387 0.66738 
-0.483311 0.0373795 
0.741336 -1.01349 
0.468288 1.0245 
-1.22605 -0.494399 
-1.20166 0.64538 
-0.386422 0.337923 
-0.0629603 1.26439 
0.483302 -0.837338 
-1.38092 0.0962295 
-0.182834 -0.1152 
0.639462 -1.07303 
0.371009 -0.507252 
-1.00355 -0.0489205 
-0.07135 -1.3087 
-1.47039 -0.173069 
-0.777937 -0.458517 
-0.0667647 -0.374294 
0.33213 -0.0344738 
0.783998 0.988356 
-1.24853 -0.21101 
0.217414 0.0579001 
0.224551 1.2876 
0.711994 0.342527 
-0.477369 0.495462 
-0.0202502 0.452652 
-0.0792461 -0.294309 
0.433173 -0.0473853 
0.013144 0.181263 
0.137412 0.068712 
0.705908 -0.461712 
-0.237578 -1.24576 
0.0267914 -0.99573 
-0.0149312 -0.0717571 
0.56125 0.435202 
0.934113 -0.0412558 
1.30067 -0.028613 
0.74589 -1.19908 
0.968266 0.0208424 
0.420755 -0.182961 
-0.0881705 0.953376 
0.00147019 0.937974 
0.745841 -0.53698 
1.04865 0.161029 
0.3372 -1.28781 
1.27215 0.314197 
1.01253 -0.650894 
0.428208 0.513217 
0.000234034 -0.185115 
0.513757 -0.089898 
0.201126 -0.352004 
0.689133 0.304294 
0.825349 0.217482 
-0.32386 -0.232941 
-0.180146 0.578215 
-0.643434 -1.02663 
-0.204954 0.276238 
0.213338 -0.328775 
-0.300306 -0.329787 
-1.43404 0.214278 
-1.28863 0.114011 
-0.238808 0.644972 
0.682191 -1.00383 
-1.25642 0.0873774 
-0.0923037 0.996647 
-0.00336657 -0.231165 
1.32773 -0.432434 
-0.37416 0.285293 
-1.34506 0.748124 
-1.12628 0.594409 
0.547449 -0.982662 
0.461034 -0.764767 
-1.46848 -0.143732 
-0.539852 -0.820324 
0.828603 0.224494 
-0.578713 0.504893 
1.2155 0.583632 
0.94955 -0.91114 
1.03522 0.337481 
0.549944 -0.743688 
-1.20448 0.388545 
-0.508343 -0.12572 
-1.16938 -0.0788017 
-0.33667 0.182807 
-1.03843 -0.448207 
0.329334 -1.3017 
-0.167051 0.22713 
-1.217 -0.0609469 
0.443469 -1.06016 
0.477855 1.04781 
-0.0685955 1.11381 
-0.525992 0.214805 
-0.12407 -0.0987205 
1.0066 0.312469 
-1.0125 0.184024 
-1.31596 -0.112695 
0.736616 -0.497701 
-0.503242 -1.02762 
0.330067 -0.550914 
0.318859 -0.380817 
0.995273 -0.546694 
1.25945 -0.00197337 
0.255503 1.28642 
1.17068 -0.472414 
0.585581 -0.661134 
1.17392 0.318701 
-1.10998 0.217582 
-1.13693 0.0384583 
-0.276466 0.816604 
-0.0362332 0.240666 
1.22177 0.0374444 
-1.24942 -0.608268 
0.293447 0.97389 
0.633663 1.01627 
0.448442 1.03174 
0.0426879 -0.460598 
-0.438284 0.853148 
-0.478623 -0.970069 
1.20923 -0.724592 
-1.4533 0.0839209 
-0.538002 -0.0479774 
-0.532041 0.635217 
-0.551099 -0.824671 
-0.0512227 0.709071 
-1.13342 0.596097 
-1.16357 0.338288 
-0.050003 -0.883099 
0.793835 1.02452 
0.472328 -0.152684 
0.714227 0.616424 
-0.437551 0.419538 
0.000995115 0.0110093 
-0.309175 0.145969 
0.780456 0.327759 
0.0599027 0.0300855 
-0.330703 -0.0242473 
-0.354129 -1.24836 
0.405183 -1.15333 
-1.43557 0.446592 
-1.11706 0.0502381 
-0.353625 0.542137 
0.668923 0.619162 
1.08376 0.38931 
-1.13374 -0.313464 
-0.00121539 0.617598 
0.16417 -0.220835 
0.111603 -0.203185 
-0.623804 0.450807 
-0.0980194 0.969085 
-1.03847 0.549262 
0.311479 -0.560356 
-0.04251 -0.0181016 
0.418527 -0.829671 
-1.20373 -0.147658 
0.196315 -1.17717 
0.382628 0.987329 
-0.0597324 -0.228069 
-0.656115 0.735078 
-0.375796 0.925827 
0.375709 -1.28034 
-0.165337 -0.215716 
-0.897634 -0.844467 
0.490484 -0.248014 
-1.46462 0.0887168 
-0.486602 -0.884072 
-0.670256 -0.821549 
-0.238886 -0.331495 
0.852795 -0.289409 
-0.0298904 0.755986 
0.9751 -0.839859 
-1.40864 -0.124028 
-0.0226604 -0.906427 
-0.363035 0.412595 
-0.397716 1.03514 
-0.192967 -0.950524 
0.816128 -0.80375 
1.10691 -0.804994 
0.717217 -0.458705 
-1.52209 0.186796 
-0.199751 0.253621 
-0.0407672 1.09817 
-0.532266 0.834365 
-0.282865 0.1631 
-1.23298 -0.147439 
1.25481 -0.113629 
0.91307 0.574948 
0.337368 -0.496858 
1.10318 0.605776 
0.17373 -0.318537 
-0.0983856 1.03777 
-1.34821 -0.335815 
-1.10754 -0.0214312 
-0.548013 -0.839309 
0.114144 -0.169608 
-1.03204 -0.166868 
1.08135 0.254833 
0.0700201 -0.296283 
-0.21924 -1.18932 
0.385131 -0.0678476 
0.451068 0.804243 
-0.224418 -1.32015 
-0.0725395 0.501117 
-1.15569 0.234501 
-0.297653 0.157296 
0.412903 -0.858096 
0.359953 -1.19233 
0.217568 0.0289572 
-1.10398 0.519804 
0.563483 -0.942998 
-1.43722 0.449204 
-0.5237 0.123792 
0.584496 0.983521 
-0.345123 0.538991 
1.19395 0.50635 
0.316076 -0.202785 
1.12866 0.585786 
0.622638 0.95895 
0.00625705 0.528885 
-0.317415 -0.174835 
-0.938601 -0.104472 
0.417609 -0.957878 
-1.23757 -0.0496233 
-2.76019e-05 0.0169506 
0.491839 -0.159032 
-0.276026 1.00155 
0.364616 -0.129208 
0.519924 -0.0474108 
1.27672 0.324397 
0.983841 0.0529025 
0.628117 -1.17548 
0.214712 -0.36471 
0.101853 -1.04776 
1.20069 -0.755174 
0.0093424 0.110109 
-0.89569 0.212334 
-0.6496 0.554556 
-0.0464516 -0.442463 
-1.18618 0.775051 
0.396645 -0.457773 
0.847306 -0.765498 
-0.241954 0.863914 
1.2129 -0.299208 
0.932035 0.660746 
0.137388 1.20623 
-0.0578443 1.18497 
-0.0722583 -0.336346 
-0.190779 0.526297 
0.256249 0.951509 
-0.109016 0.319477 
-0.234813 -0.780653 
-0.931726 -0.813001 
0.33453 -0.0526858 
-0.197405 0.494746 
-0.788011 -0.179471 
-0.145903 -0.882337 
-1.53783 0.318216 
0.760024 -0.383848 
0.506701 0.0275746 
0.487355 -0.207676 
0.640328 0.852006 
0.180945 1.22428 
0.791181 -0.512268 
-0.399398 0.298982 
0.184812 0.012206 
0.140939 1.23563 
-0.506344 -1.20997 
-0.587134 -0.982672 
0.459176 -0.0925709 
1.11611 0.455853 
-0.832631 -0.396697 
-0.188997 0.686173 
0.197051 1.08226 
-0.016585 -0.523457 
0.294433 -0.172925 
-0.648231 0.603816 
0.943755 0.466895 
0.574767 -1.0786 
0.47011 -1.02661 
1.15521 0.401899 
-0.156979 -0.16729 
-0.189449 0.895054 
0.421227 -0.186777 
-0.360491 -0.222901 
0.94707 0.878256 
0.357753 -0.446194 
-0.619391 0.798494 
0.998111 -0.830906 
0.666885 0.524388 
0.0342184 1.00942 
-1.28588 -0.166015 
-0.00763343 1.19052 
0.00187012 0.00858435 
-0.448116 0.908436 
-0.152501 -0.429821 
-1.02912 -0.000349202 
0.499306 1.04824 
0.0413995 -0.30091 
-1.24584 0.141076 
0.632075 -0.920125 
-0.247233 0.142641 
-1.41637 -0.107945 
-0.317767 -0.751876 
-1.2191 -0.265602 
-0.580059 -0.531956 
1.085 -0.570382 
-0.0401929 1.12205 
0.202108 0.0923504 
0.955308 0.348635 
1.17159 0.269033 
-0.621484 0.782298 
0.319163 -0.545501 
-0.140498 -0.350483 
1.08897 0.628365 
-0.211025 0.553149 
-0.116162 1.21246 
-0.359005 0.394762 
0.0785202 -0.150885 
-0.0381824 0.686528 
-1.31034 -0.375153 
0.0244606 -0.5382 
-0.0836091 0.0676969 
0.790696 0.367471 
1.30443 -0.114062 
-1.52675 0.0123833 
0.142282 0.109359 
0.315515 -0.337418 
-0.693338 -0.322638 
0.487001 -0.0108516 
1.10474 0.389539 
0.266096 -0.429914 
-0.670756 -0.769092 
-1.07758 0.448994 
-0.0826137 0.941814 
0.45437 -0.191023 
0.903368 -0.306871 
-0.962012 -0.908899 
-0.510273 0.339197 
-0.843905 0.0288097 
-0.0470817 0.37671 
0.463109 1.00823 
-1.34383 0.270585 
-0.136398 -0.024787 
0.17402 -0.0677204 
-0.611273 -0.998391 
0.261023 0.0970715 
1.16825 -0.329138 
-0.0759206 0.716521 
0.375608 -0.140964 
0.210057 1.14404 
1.07181 0.12426 
0.052071 1.11752 
1.15972 -0.408575 
0.954696 -0.0142812 
-0.179603 0.274396 
0.074378 -0.195345 
0.980046 -0.932993 
0.215453 -0.378214 
0.340403 0.966529 
-0.575936 -0.812041 
0.38927 -0.477961 
0.190875 -0.408814 
1.2432 0.541266 
0.848271 -0.604571 
-0.769526 -0.211128 
1.12272 0.368033 
1.05267 -0.507314 
-0.00514129 0.0341425 
0.376898 -0.461796 
0.898935 -0.0934287 
-0.623104 -0.750634 
0.678423 0.303547 
1.0382 0.161961 
-0.228336 -0.823817 
-0.958954 0.575088 
-0.516401 0.851294 
-0.292856 -1.29984 
-0.902704 -0.0222827 
0.384086 0.973677 
-0.462004 0.22083 
0.54262 -0.0172011 
0.163648 -0.551512 
1.04699 0.158136 
1.14689 0.711031 
1.31385 -0.207362 
-0.943593 0.217583 
0.309177 -0.539066 
1.21053 -0.15737 
0.278902 -0.234262 
-0.0499144 1.05161 
0.243857 0.0951361 
-1.00934 0.494421 
0.218929 -0.928551 
-0.886832 -0.668387 
0.637344 -0.790571 
0.26143 -0.134477 
-0.799237 -0.281411 
0.223112 -0.356941 
0.386204 -0.17462 
0.407079 0.0454524 
-0.55611 -0.0395314 
-0.397018 0.0740117 
1.10437 0.68904 
0.274864 1.2335 
0.820824 -0.507889 
-1.10225 -0.0623629 
0.385955 -0.0130252 
0.808315 0.23401 
0.887029 -0.53568 
-0.0478706 0.7382 
0.668253 -0.908522 
-0.360121 -0.909453 
0.431242 0.780515 
-1.27739 0.701018 
0.332445 -0.427019 
-0.399974 0.284035 
-1.13968 0.860043 
-0.982616 -0.244171 
0.552727 -0.759372 
-0.274543 0.0592349 
0.0851746 1.18655 
-0.312161 -0.107904 
0.121005 -0.0952191 
-0.276701 0.204824 
0.877224 -0.691569 
-0.297561 -1.18369 
0.451443 0.0367981 
-0.537877 0.142624 
-1.05629 -0.813935 
1.28807 -0.558631 
-1.00897 0.184589 
-0.891699 -0.413187 
-1.3547 0.357817 
-0.0364555 -0.501548 
0.128815 -0.163978 
0.0328453 0.920023 
-0.729352 -0.749127 
-0.22701 -0.405086 
0.489848 0.8 
1.04257 -0.700334 
0.262963 0.92642 
0.372728 -0.370139 
1.35505 -0.378232 
1.11146 0.575881 
-0.318131 -1.01352 
0.598048 1.07012 
-0.92813 -0.184055 
0.000283846 0.219266 
0.0613906 0.0913921 
-0.168591 0.00814894 
1.06988 0.119157 
0.258613 -1.16665 
-1.56697 0.346218 
0.345769 -0.432038 
0.117561 -1.05343 
-1.30087 -0.00105842 
-0.03166 1.008 
-0.00278164 1.17087 
-0.269724 0.287825 
-0.0819828 1.05705 
-0.777647 -0.51774 
0.762073 -0.359084 
0.370417 -1.19767 
-0.0757541 0.201044 
-0.961372 0.426239 
-0.327709 1.02496 
-1.07663 0.166386 
-0.917526 -0.297962 
-0.096869 0.951607 
0.742613 1.06787 
-0.00668535 0.206494 
-0.231677 0.0884157 
-0.814442 -0.401392 
-0.60324 -0.521272 
-0.302669 -0.274394 
-0.0933719 -1.07184 
0.961932 0.714237 
-0.165807 0.106467 
-0.396629 0.589012 
0.139862 -0.430344 
-1.31269 0.323008 
0.850474 -0.708622 
0.0846757 -0.518149 
-0.0235475 0.445384 
-0.0938024 0.314765 
-1.21841 0.100826 
-1.01893 0.550193 
0.942638 -0.919124 
0.100021 -0.322756 
0.287133 1.19647 
-1.33815 -0.376789 
0.368992 -0.247857 
-0.196774 -0.17444 
-0.0113566 -0.185558 
0.900199 0.405486 
0.128384 -0.338431 
1.3028 -0.199009 
0.192896 1.29289 
0.10142 -0.386525 
-1.30598 -0.166467 
-1.26057 0.246331 
-1.35884 0.407854 
0.630625 0.689356 
-0.611377 0.106704 
-1.3245 0.386106 
0.915764 0.738789 
0.766009 -0.396806 
0.131138 1.19173 
0.115103 1.33783 
0.0345206 1.04484 
-0.182921 0.043354 
-0.110434 -0.06283 
0.808268 -0.274384 
0.268835 1.16453 
1.1502 -0.411872 
0.389862 0.888353 
-0.0249672 -1.24829 
0.00385914 -1.15437 
-0.322178 0.968946 
0.733774 -0.827436 
-0.0586053 -1.25336 
-0.993403 -0.779164 
-0.357166 -0.943675 
0.347481 0.0716845 
0.465104 -1.00813 
-1.3 -0.0825506 
1.13208 -0.314648 
-0.00493641 -0.457449 
-0.227977 0.440193 
-0.255105 0.406381 
1.30862 -0.626989 
0.290193 1.17165 
-0.311655 0.0986925 
0.0178301 0.0373951 
-1.2268 0.718337 
-0.274651 -0.259462 
0.209125 -1.11356 
0.201057 0.0424339 
-1.2233 0.75311 
0.0880949 -0.400329 
-0.265212 -1.28078 
0.867586 -0.723243 
-0.909797 0.0480394 
1.05988 0.274752 
0.751833 0.294147 
0.17264 0.038353 
1.31397 -0.429101 
0.468434 0.804978 
-0.22932 0.696638 
0.0692963 0.947268 
-0.422365 0.563241 
-0.576911 0.645641 
-0.563141 0.385747 
-0.380381 -0.811978 
-0.416447 0.40108 
-1.39595 -0.0309386 
0.281686 -0.867238 
0.691427 -0.477448 
-0.416813 0.806712 
-0.0799214 0.382197 
-0.15433 0.0199016 
0.792457 0.282005 
0.175192 -0.323783 
-0.0825338 1.02102 
-0.381028 0.329133 
1.07713 0.243958 
-1.18006 0.63005 
-1.00938 -0.58253 
0.576673 0.435921 
-0.378955 0.450625 
-0.0652601 0.0417326 
0.780459 -0.320998 
0.435883 -0.172315 
-0.451228 -0.813965 
0.349212 0.9731 
-1.10426 -0.616422 
-1.41765 -0.201195 
0.889405 -0.656426 
0.214045 -0.582912 
-0.369125 -0.137305 
1.11805 -0.491743 
0.485306 -0.832885 
-0.0388475 0.225613 
1.16686 0.51846 
0.442185 0.509443 
0.251583 0.92084 
0.868444 -0.7637 
-0.0836895 0.344172 
-0.127999 0.92091 
-0.0636857 -0.386345 
-0.413187 0.279289 
0.433038 0.0231582 
0.812777 0.21971 
0.421635 0.834954 
-0.345582 0.985636 
0.595623 1.08132 
-0.196041 -0.414791 
-1.14539 0.84469 
-0.122491 0.376492 
-0.38001 -0.834547 
1.1833 -0.480658 
-0.551243 -1.18384 
1.07676 0.350133 
0.320154 1.25421 
0.401008 -0.214482 
-1.25197 -0.200444 
0.386182 -0.0701175 
-1.43717 0.0379481 
0.426735 -0.151366 
-0.632174 0.185421 
-0.36428 0.670417 
-1.07491 -0.750374 
-0.0359101 0.239941 
-0.258772 0.326253 
-0.465473 0.692076 
0.540606 1.01627 
-0.0212158 -0.93428 
-1.37879 0.246003 
0.493203 -1.21409 
-1.25762 0.0914604 
0.479259 -0.264458 
0.303253 -0.891388 
-0.091259 0.201909 
0.712619 0.546995 
-0.813476 -0.137059 
0.603989 0.577859 
-0.145361 0.362975 
-0.149386 -0.122086 
0.198159 0.883477 
-0.0608905 0.314182 
0.884357 -0.142925 
-0.362448 -1.06106 
0.971195 0.00801854 
-1.04813 -0.762609 
-1.23084 -0.112972 
-0.124164 -0.0514616 
-0.0919265 -0.491677 
1.16677 -0.106551 
0.148602 -0.572629 
0.29542 1.05571 
