0.481542 -0.97082 
-0.927916 0.701287 
-0.377136 0.742944 
-0.128352 1.17479 
0.577377 -0.948604 
-0.537421 0.316891 
-0.755603 -0.201931 
-0.540609 -1.09194 
0.387854 -0.971886 
-0.445394 -0.314862 
-0.810396 -0.00246015 
0.938619 -0.496448 
-0.935414 0.59782 
-0.246283 -0.992121 
1.10719 0.0276991 
-0.156487 0.534082 
-0.255524 0.255467 
-0.552756 0.184609 
-0.0980697 0.80787 
-0.619485 -0.062046 
0.688794 -0.375115 
-0.446136 0.56184 
-0.0981533 0.518577 
-0.57306 -0.489547 
-1.0375 -0.113639 
-0.757649 0.757122 
-0.478704 0.881072 
-0.180887 -0.585766 
-0.561672 -0.0665248 
-0.734339 0.150356 
-0.729993 -0.451799 
-0.158778 -0.422988 
0.356779 0.419844 
-0.0141751 -0.159037 
-0.301425 -0.852482 
0.722861 -0.773766 
-0.0256845 -1.22044 
0.0117329 0.397791 
0.694784 -0.489948 
-0.377298 -0.0366439 
0.437294 1.0685 
0.329552 0.951949 
-0.450852 1.00017 
0.689772 0.616112 
-0.313317 0.489349 
-0.13294 -0.211655 
0.814165 -0.349845 
-0.459029 0.759723 
-0.302111 -0.0549565 
-0.965003 -0.67625 
0.0723754 1.06454 
-0.0816349 1.03266 
0.207522 0.986019 
1.01821 -0.194189 
1.04684 0.50548 
0.170244 0.963468 
0.717791 0.824732 
-0.126686 0.290333 
-0.462167 0.495559 
-0.506262 -0.352599 
-0.514867 -0.704317 
0.550547 -0.812605 
0.775319 0.0220885 
-0.492216 0.699689 
0.0947067 0.745534 
0.917077 0.599101 
1.01739 0.302259 
0.250957 0.611281 
-0.323278 -0.691918 
-0.312698 0.410082 
-0.891233 0.301699 
0.216553 -0.982949 
-0.855017 0.138932 
0.00396918 -0.00830072 
-0.391187 0.928895 
0.0106711 -0.85509 
0.599724 0.819598 
1.11037 0.217193 
-0.620134 0.0927872 
0.349378 -0.120694 
0.375498 -0.773844 
-0.200578 -0.895008 
0.321178 -1.02622 
-0.436371 -1.02182 
-0.131157 0.157961 
-0.827267 -0.271776 
0.471522 0.539158 
0.418541 0.538068 
0.688591 0.557346 
-0.598307 0.642455 
-0.258657 1.0751 
-0.614388 0.488032 
-1.00829 -0.510649 
-0.911147 -0.656191 
-0.610421 -0.716555 
-0.321511 -0.18626 
-0.825293 -0.754424 
-0.0536032 -0.304302 
0.159778 0.269259 
-0.099918 -0.598249 
0.0262985 -0.141969 
0.533271 0.565779 
0.0739684 0.172707 
0.329123 -0.281212 
-0.142901 0.7958 
1.01948 0.361907 
1.03414 0.375674 
-0.0535108 0.76491 
0.263273 0.622806 
0.489943 0.107954 
1.13218 -0.394893 
1.13529 -0.0513618 
0.406536 0.735711 
0.0741645 -0.869763 
-0.262845 0.56795 
-0.795417 0.681701 
-0.148728 -0.343079 
0.87584 0.318698 
0.881472 0.773802 
0.887493 -0.67003 
0.76011 -0.869488 
0.0249706 -0.281423 
-1.03121 0.578445 
-0.200195 0.0597597 
0.480827 0.908155 
-0.821433 0.466714 
-0.1937 -0.56719 
-1.07098 0.279473 
-0.267104 -0.972294 
0.0316762 0.743568 
-0.62661 -0.54915 
-0.0959961 0.532717 
0.864124 0.107881 
0.421273 0.830108 
0.87146 -0.215103 
-0.884591 -0.616615 
0.505073 -0.55334 
-0.57869 -0.0222249 
-0.30266 -0.71007 
-0.208053 0.566071 
0.377823 1.06419 
-0.248651 0.849032 
-1.06068 -0.519976 
0.252184 0.112144 
-0.430923 -0.0105577 
-0.0371558 0.679017 
0.974619 0.151804 
-0.325471 0.344881 
1.03533 -0.362419 
0.484076 -0.753077 
-1.08392 0.490431 
0.860111 0.49741 
-0.107472 -0.429476 
-0.0167539 0.54383 
0.355259 -0.746508 
0.294816 0.573906 
0.804567 -0.791303 
-0.0532097 0.186148 
1.06412 0.34672 
-0.0157723 -0.6177 
0.697014 -0.447963 
-0.635186 -0.631061 
0.57659 0.300958 
-0.48327 1.03769 
-0.569489 -0.454015 
-0.380476 0.906486 
-1.00739 0.291105 
-0.211537 -0.0896339 
0.407488 0.961437 
0.0551472 -0.0910322 
0.00431533 1.02584 
-0.164967 -0.920661 
-0.924617 -0.385895 
-0.0599489 -0.455413 
-0.217593 -0.681295 
0.6428 -0.707365 
-0.118507 0.151214 
0.316377 0.275572 
-0.0556387 -0.762214 
0.559888 0.983972 
-0.632801 -0.302058 
0.106379 0.11792 
-0.607622 -0.566414 
0.327321 0.709874 
-0.185014 -0.719165 
0.52004 -0.215099 
-0.120778 -0.554049 
1.14284 0.0249066 
-0.245287 -0.651717 
-0.327302 -1.1121 
0.616054 -0.272585 
-0.892671 -0.831376 
0.468903 -0.354486 
-0.0515335 -0.189392 
-0.580291 0.85267 
0.955697 0.675599 
0.224876 -0.806098 
0.555794 0.48959 
-0.317442 0.486672 
0.391095 0.247181 
0.724766 -0.213942 
-0.618748 0.941369 
-0.411134 0.575443 
0.272733 0.677708 
0.213023 -0.903068 
-0.8313 -0.360092 
0.260896 0.494673 
1.06329 -0.115814 
-0.234952 -0.193137 
-0.0122581 0.396469 
-1.1134 -0.304763 
0.805155 0.246089 
0.731792 -0.00363631 
-0.810762 -0.711128 
0.643894 0.64555 
0.316309 -0.686949 
-0.68691 -0.157368 
0.46113 1.04553 
-0.0315691 -0.875214 
-1.00453 0.665896 
-0.502927 0.977833 
0.281597 -0.97339 
1.09746 0.354181 
-0.320539 0.276716 
0.604564 -0.672242 
0.174703 -0.720619 
-0.506334 -0.314652 
-1.13393 0.368712 
0.373789 -0.698449 
0.0121958 -0.359815 
-0.0807518 -0.492203 
0.789008 0.406702 
0.735645 0.670726 
0.395702 -0.509333 
0.880455 0.0918829 
-0.310162 0.114575 
0.329899 -0.663952 
0.74721 -0.238537 
-0.747769 -0.369688 
-0.532187 0.123768 
0.616958 -0.439357 
-0.942686 -0.305997 
0.125845 -0.934336 
-0.0664998 0.714961 
0.47009 0.970212 
0.164877 0.515384 
0.432835 0.0231783 
0.531548 0.870997 
0.348993 0.192473 
0.250775 0.135633 
0.316127 0.157749 
0.315491 0.702079 
-0.0926162 -0.520561 
0.0748087 -0.492147 
-0.140559 -1.11716 
-0.051048 -0.0238649 
0.0779964 0.586524 
-1.16378 -0.204897 
0.0527675 -0.782551 
-0.703563 0.0736972 
0.116202 0.0693251 
0.817164 -0.639846 
0.242229 -1.12325 
0.366422 0.87269 
-1.00511 0.185067 
0.695055 0.346894 
0.819619 -0.842442 
0.667743 0.498206 
-0.0218777 0.152159 
0.0888898 0.357356 
-0.649022 0.152379 
0.859991 0.10076 
0.271637 -0.618216 
0.621222 0.0451375 
0.115302 -0.321843 
-0.243749 0.56568 
-0.390599 -0.594143 
-0.604835 0.689582 
-0.720291 -0.632539 
0.438431 -0.44167 
-0.307915 0.667946 
0.397833 1.01377 
-0.957262 0.411968 
-0.335274 -0.909338 
-0.51259 -1.08439 
-0.481118 0.0718493 
-0.330829 -0.692538 
-0.257572 0.778595 
0.961451 -0.451437 
-0.656186 -0.0614417 
-1.20756 0.263225 
-0.571661 -0.233967 
-0.369624 0.895759 
-0.997706 0.313049 
-0.309744 -0.512723 
-0.927209 0.742676 
-0.670623 -0.741482 
-0.496841 -0.759768 
0.872 0.56156 
0.621434 -0.256324 
-1.08719 0.104406 
0.382664 -0.617796 
-0.537431 -0.514877 
-0.0919098 0.496103 
0.209083 0.287348 
-0.245562 -0.987542 
0.55659 0.661269 
-0.360944 -0.723145 
0.750291 -0.14463 
-0.0763532 -0.0610031 
-0.543516 0.375987 
-0.524048 1.08041 
0.449871 -0.748027 
0.685254 -0.214437 
-0.601061 -0.364673 
0.715485 0.494718 
-0.66084 0.195401 
-0.485616 -0.0670573 
0.393401 -0.677341 
0.861879 -0.374318 
-0.496555 0.381996 
-0.643914 -0.849525 
-0.168899 -0.36395 
0.797134 0.44309 
-0.377124 0.0720095 
0.687374 0.0341604 
-1.01242 -0.575704 
-0.146155 -0.66471 
0.131572 -0.106491 
-0.415349 0.864102 
0.777423 -0.321536 
0.0589979 0.122394 
-0.0887799 -0.431431 
-0.849808 -0.861295 
-0.958856 0.146879 
-0.793611 0.717039 
-0.685896 0.0275061 
0.0576162 0.0962148 
0.586561 0.516166 
-0.908634 -0.388779 
0.0265092 0.670446 
0.642914 0.257621 
-0.874764 -0.0691809 
-0.879402 -0.211648 
0.146268 0.819187 
0.0909093 0.108966 
0.259099 1.18401 
0.136315 -0.469045 
0.979279 0.167663 
-0.691254 -0.432602 
-0.891443 0.263292 
0.680164 0.242281 
-1.02149 0.0140698 
0.443121 1.06163 
0.398608 0.475396 
0.76491 -0.0437188 
0.117061 0.921753 
-0.9324 0.00434513 
-0.609266 -0.595351 
-0.162562 1.13469 
-1.01519 0.108772 
0.239338 -0.360391 
0.334827 0.284041 
0.195569 -0.0735574 
-1.0386 0.478449 
0.657248 -0.347695 
0.0150966 -0.0612681 
0.482377 0.73817 
-0.30183 0.974223 
0.890002 -0.0838049 
1.02137 -0.42426 
0.274211 -0.738501 
-0.0371262 -0.696702 
-0.327258 1.08716 
-0.423271 -1.10167 
-1.14163 0.27385 
-0.311671 -1.16232 
0.850072 0.847033 
-0.555396 0.431564 
0.0972659 -1.08917 
0.25311 -0.4193 
-0.0430956 0.67675 
0.157271 0.294494 
0.922187 0.544576 
-0.153855 1.04584 
0.419196 0.590985 
-0.628615 -1.03818 
0.569215 0.257838 
-0.619618 0.786852 
-0.184011 -0.524724 
-0.569994 0.280964 
0.525056 -0.00692452 
-0.218309 0.914626 
0.28632 -0.485059 
-0.0366221 0.0173046 
-0.0331521 -0.836033 
0.783294 -0.580008 
0.618342 -0.859943 
0.607086 -1.02414 
-1.02705 -0.550804 
0.176149 -0.466821 
-0.0568765 0.702931 
-1.03104 0.571903 
-0.0215156 -0.224547 
0.27851 0.722571 
-1.09302 0.072256 
-0.0802866 0.321722 
-0.29232 0.799097 
-1.23562 -0.089079 
0.496096 0.757899 
0.76785 0.783088 
-0.247146 -0.325068 
0.00570519 0.799221 
-0.0626828 -0.101986 
0.269903 -0.38745 
-0.778734 0.571226 
1.12289 0.363294 
-1.07618 -0.436116 
-0.705732 0.357907 
-1.04116 -0.592774 
0.75414 -0.320679 
-0.944087 0.455031 
0.917321 -0.749838 
-1.17938 -0.287048 
-0.0282711 0.941577 
-0.468731 -0.113697 
-0.469606 -0.254179 
0.752885 0.0562297 
0.284634 -0.0486323 
0.0115509 -0.369644 
0.131052 0.553078 
0.598227 0.877851 
-0.262265 0.721795 
0.900072 0.0667352 
0.27301 -1.06518 
0.684175 0.291684 
0.278705 -0.0368089 
0.459182 -0.330001 
-0.579944 -0.400873 
-0.215092 0.183931 
0.295754 0.309756 
-0.517089 0.897644 
0.752897 -0.683817 
-0.750728 0.948804 
0.00285157 1.02023 
0.61133 -0.28863 
0.679995 0.913928 
0.603312 0.77205 
0.977538 0.236993 
0.697698 0.107573 
0.647021 -0.0736309 
0.65073 -0.851953 
-0.436641 -0.0156254 
0.909778 0.065616 
-0.808392 -0.203344 
0.365328 0.629905 
0.229585 -0.583582 
0.204259 -0.86642 
0.746137 -0.194094 
0.0552667 0.356142 
0.250211 -0.838749 
-0.471902 0.952291 
0.77878 0.621109 
-0.203896 0.373332 
0.0319152 -0.325825 
0.160758 -0.302503 
0.532086 -1.09712 
0.768461 0.191031 
-0.35476 0.843036 
-0.962619 0.322486 
-1.10117 -0.00459501 
-0.491649 -0.243512 
-0.527719 0.301729 
0.385069 -0.115825 
-0.00536263 0.719481 
0.949826 0.425951 
0.284959 0.379011 
-0.0457303 1.0989 
0.360832 0.546454 
-0.818735 0.623304 
-0.385317 0.716261 
0.409224 -0.528382 
-0.402169 0.265859 
-0.424396 0.135998 
-0.499706 -0.688587 
-0.204866 -0.840075 
-0.671672 0.012871 
0.852121 0.239153 
-1.00527 0.320254 
-0.846214 0.43933 
0.0903552 0.290057 
-0.994059 -0.0579008 
0.0690008 1.15997 
-0.70442 -0.703328 
-1.20233 0.0554396 
-0.105695 -0.688176 
0.338051 0.538712 
-0.200786 -0.0633375 
-0.392283 0.391543 
1.03091 0.487965 
0.235923 -0.746458 
-0.18157 -0.818327 
0.886999 -0.300777 
1.07147 0.183687 
-0.792752 0.170421 
-0.551365 0.305038 
0.107943 -0.431899 
-0.212073 -0.0283933 
-0.218559 -0.580322 
-0.865615 0.852089 
0.434861 -0.469381 
0.650237 -1.02203 
-0.0082587 0.896409 
0.369074 0.227735 
0.679045 -0.904218 
-0.0331131 -0.809978 
0.473058 0.374229 
0.964051 0.243322 
-0.0335477 -0.966667 
0.391324 0.169171 
0.165947 0.731486 
0.311581 0.988435 
-0.830913 0.00504701 
-1.00713 -0.502006 
-0.654738 -0.539339 
0.914251 0.00492534 
0.0763762 -0.212025 
-0.370321 -0.303222 
0.115199 0.0648715 
0.996256 -0.197538 
-0.577148 -0.714547 
0.222239 0.301486 
-0.974164 -0.170636 
-0.987871 0.561612 
-0.943391 0.436562 
-0.130522 -0.09065 
0.882553 -0.541951 
-0.304898 0.193016 
0.309207 -0.0125353 
-0.566927 0.0973434 
-1.2263 0.0942989 
-0.731883 -0.979963 
-0.374701 -1.14965 
0.438402 -0.704856 
-0.221547 -0.259316 
-0.179918 -0.0169716 
-0.240686 -0.837365 
-0.482344 0.730607 
0.635637 -0.321954 
-0.106445 0.0907073 
0.276286 -0.232651 
-0.267169 -0.966544 
-0.46341 -0.725978 
-0.69293 -0.408144 
-0.321652 0.675681 
0.549214 -0.0306105 
-0.0680388 -0.209689 
0.497865 0.0914597 
0.345813 -1.19214 
1.05779 -0.276612 
0.22216 0.191999 
0.0867076 0.00507486 
0.838412 0.741062 
0.516968 -0.164196 
0.712265 0.308841 
0.198702 -1.17663 
-0.610785 -0.324747 
-0.011919 0.817732 
-0.672001 0.638747 
-0.279986 0.42675 
0.415041 0.0608391 
-0.47225 0.114673 
0.422454 0.357275 
-0.534805 -0.212339 
0.745572 -0.206349 
-0.607908 0.819488 
0.476533 0.213689 
-0.890838 -0.196206 
-0.0395411 -0.289615 
-0.000886813 -1.02428 
0.878392 0.118967 
0.914754 0.490055 
-1.09412 0.479081 
-0.69556 -0.000878668 
-0.406278 -0.644243 
0.978961 -0.543733 
0.704802 0.0929511 
0.354464 -0.311583 
-0.631265 -0.113796 
0.33604 0.140837 
-0.652532 0.632455 
0.614694 0.443277 
0.84979 0.471683 
0.0501583 0.39204 
0.241756 0.758872 
0.985145 -0.436789 
-0.489307 0.330007 
0.567301 -0.730353 
-1.00816 0.419285 
0.280572 0.112781 
0.328013 -0.661082 
0.88796 -0.0395606 
-0.0588209 -0.677971 
-0.310488 1.02813 
-0.08676 -1.01856 
-0.63205 -0.12717 
-0.0171185 -1.16438 
0.146716 -0.13793 
0.687408 -0.942549 
-0.0662192 0.24644 
1.14679 0.250287 
-0.0480772 -0.258276 
-0.244176 -0.198943 
-0.00484463 0.465219 
-0.81475 0.671878 
-0.418193 0.723074 
-0.386304 0.757772 
0.526416 -0.482752 
0.271259 -0.220823 
0.603304 -0.603491 
0.545701 0.224512 
0.689126 0.0240313 
-0.793148 -0.853218 
-0.827756 0.476638 
-0.21603 -0.263116 
-0.158216 -0.668726 
0.211009 0.647413 
0.407659 -1.06806 
-0.0572778 0.635875 
-0.843837 0.385296 
-0.548679 0.612144 
0.129054 -0.304355 
0.53679 0.282073 
-0.112749 0.281847 
-0.632235 0.9719 
0.673585 -0.436295 
-0.708112 -0.756192 
0.190061 0.248006 
0.164021 -0.0812237 
-0.328157 0.291707 
0.149765 0.351864 
-0.49507 -0.632965 
-0.144274 -0.647922 
-0.103047 -0.833078 
0.113014 0.784693 
-0.037026 -0.472684 
-0.867928 -0.762326 
-0.590556 -0.122114 
0.514814 0.515865 
-1.02971 0.109391 
-0.435804 -0.493648 
0.953456 0.205652 
1.05712 -0.429462 
-0.303406 -0.98855 
0.888705 0.587144 
1.10664 -0.541608 
0.933058 -0.407089 
0.774096 0.214058 
0.750323 -0.313112 
0.71849 0.712851 
-0.271399 -0.214965 
-0.247029 0.548418 
0.613284 0.0395856 
-0.257345 -0.866217 
-0.863293 0.662314 
-0.644733 0.399951 
0.485622 0.67362 
-0.792969 0.318829 
1.12064 -0.0444145 
-0.278887 -0.155548 
-0.69601 0.77883 
0.358409 0.218946 
0.493445 0.465917 
0.430837 0.123512 
1.02799 -0.0929953 
0.250668 0.0600565 
0.732108 -0.874314 
-0.674363 0.315608 
-0.980012 -0.372467 
-0.112442 -0.397725 
0.686584 -0.855997 
0.935382 0.680072 
0.47809 -0.611074 
-0.989604 0.384207 
0.48687 0.85854 
0.415601 -0.676478 
0.0955463 -0.601309 
0.590047 -0.195696 
0.0578876 -0.14976 
0.250555 0.649306 
-0.0800264 -0.000630494 
-0.348248 -0.894161 
-0.357332 -1.17534 
0.587766 -0.962038 
-0.56186 0.725687 
-0.873137 0.0978431 
0.0624993 0.778432 
0.35116 0.264387 
-0.695912 0.123289 
0.730482 0.285953 
-0.235772 0.0395956 
-0.20709 0.386116 
0.273327 -0.915934 
-0.715165 0.892042 
0.0432404 -1.0136 
-0.464722 0.0136992 
0.581685 -0.275563 
0.347787 0.9402 
0.373412 1.01847 
-0.152147 -0.395952 
-0.568203 0.0286452 
-0.755519 -0.0152587 
0.544011 0.542013 
-0.621434 0.231168 
0.56004 0.304343 
0.337785 0.247031 
0.692713 0.0534318 
0.686069 -0.367374 
0.06111 -0.0454665 
-0.0333529 -0.227606 
-0.617977 -0.287058 
-0.698918 -0.0400277 
0.99452 0.249327 
0.578988 -0.751217 
-0.420707 0.0205801 
-1.01566 -0.0132414 
-0.85603 0.202831 
-0.238668 -0.610938 
0.583289 -0.916854 
-0.4471 -0.284275 
0.647367 0.118705 
0.521566 0.613347 
0.460016 -0.611345 
-0.869224 0.644185 
-0.6367 -0.0279901 
-0.910566 0.232002 
-0.136003 -0.929996 
-0.402985 -0.126181 
0.83943 -0.745308 
0.485862 0.625332 
-0.511148 0.105913 
-0.226846 -0.381632 
-0.287046 0.925027 
0.944969 -0.726426 
-0.347208 -0.816854 
0.0248809 -0.910562 
-0.598135 0.0453449 
-0.796851 0.222862 
0.77343 0.751314 
-0.0804988 0.439289 
0.0396562 -0.421474 
0.10967 0.969984 
0.0915608 0.449385 
0.829293 -0.239578 
-0.771469 -0.346837 
0.226614 -0.597088 
0.0178581 -0.572621 
-0.00960513 -0.42838 
0.106852 -1.22673 
0.572756 0.100451 
0.982858 0.263323 
-0.867894 -0.640087 
0.449322 -0.169295 
-0.0366965 -0.417 
0.919278 0.228975 
0.0457441 1.10715 
-0.919069 -0.250529 
-0.199624 -0.0611468 
-0.930357 0.598503 
-0.0540775 0.206691 
0.0367213 0.879712 
0.564811 -0.627241 
0.197375 -0.309726 
-0.815414 -0.868149 
1.01184 -0.262287 
-0.361425 -0.823199 
-0.754441 -0.226208 
0.454784 -0.305871 
0.212309 0.685992 
1.11622 0.368031 
0.775091 0.808361 
-0.0395487 0.643791 
-1.12736 -0.118374 
-0.526443 -0.47396 
0.118698 -1.16883 
0.160557 -0.891187 
0.298334 0.731264 
0.379751 -0.777528 
0.384495 0.606291 
0.144479 -0.452821 
-0.852297 -0.0401962 
0.652493 -0.0722313 
0.403652 -0.911547 
0.340304 -1.02046 
0.637054 0.294755 
0.300935 0.603272 
-0.896238 0.346255 
-0.313697 -0.35204 
-0.0230839 -0.389583 
0.0101134 0.187665 
-0.66967 -0.461746 
-0.79283 0.172083 
-0.141499 -0.299192 
0.131744 0.336707 
-0.513633 -0.478368 
0.779394 0.106358 
-0.0456171 -0.0446355 
-0.292977 0.200475 
-0.481036 0.282583 
-0.395393 0.271227 
0.151303 0.567279 
0.201642 -0.130472 
0.524956 -0.296625 
0.728804 0.533802 
0.454883 -0.114627 
0.160496 -0.431762 
-0.35657 -0.122343 
0.5047 0.310173 
0.521828 -0.639308 
0.0595937 0.927382 
0.952801 0.715241 
-1.06379 -0.274784 
0.320315 -0.605529 
0.801316 -0.770368 
0.626626 -0.0401192 
0.125984 0.0942215 
0.492804 -1.00455 
-0.299223 0.362618 
0.136646 -1.20664 
0.928462 -0.441934 
0.243397 -0.15315 
-0.861822 -0.567655 
-1.16539 0.106437 
-0.117652 0.810837 
0.147044 0.943447 
-0.479986 0.715256 
-1.03853 0.048337 
-0.611601 0.922376 
0.671621 0.0924262 
-0.371365 0.576029 
0.402244 -1.05006 
-0.402573 0.206551 
0.217227 0.954713 
0.294744 0.154666 
-1.11881 0.251902 
-0.657035 0.00247979 
-0.862343 -0.233038 
-0.252988 -0.522956 
-0.0593169 0.398544 
0.807318 -0.503485 
-0.655989 -0.122297 
1.09223 0.374855 
-0.875118 0.758433 
-0.320076 -0.474865 
-0.871488 0.251833 
0.289555 0.381758 
0.656994 0.310409 
0.566912 0.262205 
-0.107681 -0.387632 
-0.472493 0.727845 
-0.987606 0.117326 
-0.63927 -0.905562 
-0.734786 -0.488858 
-0.115031 -0.0634545 
-1.08124 -0.555295 
-0.718754 0.817133 
0.456657 0.240051 
-0.584728 -0.822406 
-0.697964 -0.0669982 
0.666081 0.914207 
-0.139274 -0.274333 
-0.32089 0.856537 
-0.381134 -1.08646 
-0.333892 -0.850523 
-0.498511 0.225593 
0.230493 -0.465366 
-1.13844 -0.444649 
-0.112255 0.39713 
0.671503 0.0958707 
-0.682608 0.486774 
0.109337 -0.291096 
0.825887 0.623161 
0.99319 0.567061 
0.616876 0.655046 
-0.115478 -0.0771524 
0.241497 0.503043 
0.577483 0.165006 
0.577978 -1.02936 
0.0458291 -0.86962 
-1.10585 -0.519204 
-0.123995 0.138457 
0.858895 -0.670061 
-0.83036 0.00618237 
-0.940312 -0.774683 
0.496059 0.0320486 
0.29697 -0.176374 
-0.0503776 0.17011 
0.184656 0.647776 
0.049697 0.719651 
-0.0572254 -0.727977 
-0.572698 0.896578 
0.516414 0.286209 
-0.617253 0.0120729 
-0.275491 0.584289 
-0.355956 0.1477 
0.611529 -1.04299 
0.519876 -0.378205 
-0.617099 0.506209 
0.901652 0.361223 
-1.05914 -0.572477 
-0.0472227 -0.2123 
0.499975 0.885876 
-0.340294 -0.444089 
0.927518 0.10721 
0.617501 -0.964118 
-0.170606 0.17564 
0.767296 -0.620343 
0.145224 -0.196156 
-0.514062 0.634235 
-0.515862 0.45913 
1.09923 0.276104 
-0.187762 0.618939 
0.796457 -0.542563 
0.193756 -0.161437 
-0.151245 0.333212 
-0.348213 -1.00653 
0.646771 -0.722039 
-0.160068 -0.15421 
0.921023 0.160223 
-0.109199 -0.0651535 
0.00886274 -0.0787536 
0.480755 0.0142374 
0.470625 0.270893 
-0.782541 0.408018 
0.106771 -0.401844 
1.02129 -0.11193 
-0.757384 -0.354174 
0.740968 0.428393 
-0.728109 -0.731762 
0.43639 0.899563 
1.17145 -0.228345 
-0.235426 0.181375 
-0.333047 0.237052 
-0.24643 0.178363 
0.499168 -0.83542 
0.741961 0.509331 
0.878485 0.679452 
-0.56571 0.640262 
-0.0905005 0.935382 
0.094087 0.0984097 
-0.490923 0.506242 
-0.388702 -1.04147 
0.207987 -0.884404 
0.706025 -0.0655969 
0.267882 0.727255 
-0.870706 0.326378 
0.296923 -1.1417 
-0.350678 -0.0542283 
0.733056 0.890588 
0.943257 0.243719 
-0.58314 -0.544266 
0.435487 -1.08863 
-1.0483 0.131965 
-0.011635 0.700673 
-0.976698 0.38199 
0.47848 -0.981578 
0.377405 -0.17112 
-0.519389 -0.63276 
0.21533 0.80597 
0.44245 0.1509 
0.831472 -0.835057 
0.112738 -0.980222 
-0.237716 -0.0632789 
-0.627825 -0.362715 
1.19558 -0.0931236 
0.221323 -0.105177 
-0.898817 0.152962 
-0.0418135 -0.395593 
0.925032 0.497086 
0.430094 -0.466313 
0.640123 -0.0682861 
0.880932 -0.0793411 
-0.586542 -0.0252055 
0.634381 -0.64077 
-0.0286631 0.0500167 
-0.955346 0.335335 
0.128611 0.2969 
-0.816269 0.605642 
0.849607 0.2666 
0.494993 0.644596 
-0.21559 0.670788 
0.439312 0.282548 
-0.796688 0.261793 
