0.495988 -0.987408 
-0.944268 0.712582 
-0.386263 0.756372 
-0.132638 1.19268 
0.592103 -0.964877 
-0.547891 0.322499 
-0.772114 -0.203685 
-0.550865 -1.10679 
0.401147 -0.988967 
-0.456651 -0.321669 
-0.826964 0.000601575 
0.956012 -0.5069 
-0.951509 0.60916 
-0.248604 -1.01506 
1.12807 0.0298509 
-0.15989 0.543928 
-0.260028 0.26011 
-0.564356 0.188056 
-0.0997722 0.822874 
-0.633738 -0.0615394 
0.704086 -0.382018 
-0.455492 0.573033 
-0.100234 0.528306 
-0.588211 -0.497882 
-1.05874 -0.110317 
-0.772763 0.769718 
-0.489781 0.895302 
-0.184523 -0.599654 
-0.575011 -0.0664891 
-0.749847 0.154324 
-0.746949 -0.457981 
-0.161976 -0.432867 
0.364077 0.427187 
-0.0151566 -0.163295 
-0.303822 -0.873029 
0.73697 -0.789145 
-0.0029801 -1.24362 
0.0119644 0.403744 
0.710102 -0.499971 
-0.384923 -0.0370716 
0.448069 1.08409 
0.339213 0.967471 
-0.462487 1.01504 
0.702415 0.627129 
-0.320065 0.49847 
-0.134895 -0.21682 
0.830795 -0.356984 
-0.469474 0.773337 
-0.307276 -0.0561671 
-0.988601 -0.682441 
0.0721331 1.0826 
-0.082096 1.05027 
0.213562 1.00249 
1.0372 -0.198328 
1.0616 0.515915 
0.173305 0.980658 
0.731977 0.837096 
-0.129258 0.293938 
-0.471115 0.504533 
-0.519577 -0.359561 
-0.531043 -0.717207 
0.564481 -0.827782 
0.792137 0.0243057 
-0.502723 0.712315 
0.0968417 0.759069 
0.931306 0.610529 
1.03329 0.312102 
0.256775 0.623016 
-0.331038 -0.708802 
-0.318902 0.417386 
-0.908903 0.309535 
0.22777 -1.00119 
-0.872791 0.144411 
0.00394345 -0.0100739 
-0.401931 0.94393 
0.0143194 -0.874373 
0.611983 0.83335 
1.12777 0.231614 
-0.633533 0.0949809 
0.355407 -0.122875 
0.38711 -0.78849 
-0.201678 -0.9167 
0.335353 -1.04327 
-0.439714 -1.04418 
-0.133452 0.15975 
-0.845735 -0.275046 
0.480724 0.549687 
0.427047 0.548652 
0.700929 0.567926 
-0.610162 0.654634 
-0.264775 1.09193 
-0.625896 0.497369 
-1.0299 -0.516558 
-0.933825 -0.663323 
-0.62919 -0.726961 
-0.327647 -0.190289 
-0.848434 -0.761838 
-0.0550846 -0.311658 
0.163385 0.27151 
-0.102383 -0.611778 
0.0257043 -0.14618 
0.543594 0.576749 
0.0758773 0.174775 
0.335596 -0.286805 
-0.146635 0.810371 
1.0346 0.372029 
1.04911 0.386305 
-0.0538829 0.779452 
0.26932 0.6347 
0.501012 0.110387 
1.15165 -0.404529 
1.15679 -0.0564224 
0.415145 0.748873 
0.0803753 -0.887981 
-0.268559 0.578804 
-0.810641 0.693744 
-0.150752 -0.350663 
0.891126 0.326294 
0.896364 0.785513 
0.902781 -0.684986 
0.774774 -0.885214 
0.0244266 -0.287946 
-1.04763 0.58955 
-0.203046 0.0597447 
0.492404 0.923235 
-0.837817 0.475817 
-0.19749 -0.580557 
-1.08952 0.288533 
-0.269469 -0.994785 
0.0324645 0.75765 
-0.642723 -0.557775 
-0.0979267 0.543147 
0.881258 0.112913 
0.432134 0.843919 
0.889099 -0.219408 
-0.90672 -0.624333 
0.517199 -0.564915 
-0.592112 -0.021532 
-0.309191 -0.727638 
-0.212126 0.576806 
0.390264 1.07925 
-0.256306 0.86419 
-1.08281 -0.526057 
0.25717 0.11394 
-0.441558 -0.0107639 
-0.0378679 0.692247 
0.993119 0.159475 
-0.33193 0.350554 
1.05394 -0.371022 
0.496588 -0.767272 
-1.10076 0.502321 
0.874109 0.508431 
-0.109751 -0.438949 
-0.0164445 0.554325 
0.366339 -0.760973 
0.301311 0.585336 
0.819153 -0.80627 
-0.0538683 0.187703 
1.07927 0.357926 
-0.016915 -0.630897 
0.713047 -0.456385 
-0.652364 -0.640951 
0.587655 0.306459 
-0.495881 1.05245 
-0.584493 -0.461777 
-0.391012 0.921411 
-1.02564 0.300031 
-0.214144 -0.0931644 
0.418854 0.976758 
0.0551249 -0.0944028 
0.00448217 1.04349 
-0.165151 -0.94294 
-0.945694 -0.388866 
-0.0615645 -0.464996 
-0.222257 -0.697881 
0.656509 -0.722021 
-0.120473 0.152568 
0.323068 0.279076 
-0.0561448 -0.780289 
0.572458 1.00003 
-0.648398 -0.30642 
0.109092 0.119269 
-0.623381 -0.575748 
0.33439 0.722373 
-0.188549 -0.736804 
0.532494 -0.219346 
-0.123413 -0.566322 
1.1651 0.0278217 
-0.250826 -0.66739 
-0.335516 -1.1338 
0.63046 -0.278096 
-0.918044 -0.8384 
0.480089 -0.361707 
-0.0528366 -0.193989 
-0.592024 0.866756 
0.969864 0.687796 
0.23437 -0.822638 
0.566338 0.499072 
-0.324314 0.495755 
0.399572 0.250917 
0.740088 -0.218094 
-0.630532 0.956308 
-0.419693 0.58688 
0.278803 0.690175 
0.222433 -0.920998 
-0.850173 -0.364146 
0.267063 0.504436 
1.08333 -0.119834 
-0.237718 -0.197305 
-0.0125507 0.402395 
-1.13633 -0.308947 
0.820344 0.251671 
0.747703 -0.00239162 
-0.832967 -0.718738 
0.655904 0.656963 
0.326671 -0.701202 
-0.702556 -0.158228 
0.471244 1.0612 
-0.0290296 -0.895622 
-1.02091 0.676985 
-0.515475 0.991974 
0.294145 -0.990654 
1.11263 0.366499 
-0.326598 0.281284 
0.617781 -0.686224 
0.182158 -0.735903 
-0.51982 -0.320949 
-1.15318 0.37875 
0.384965 -0.71228 
0.0113805 -0.367581 
-0.0829647 -0.502574 
0.802955 0.415683 
0.749246 0.681933 
0.405294 -0.520427 
0.898087 0.0967385 
-0.316116 0.11559 
0.340336 -0.67781 
0.762937 -0.243489 
-0.764769 -0.374483 
-0.544024 0.126098 
0.630632 -0.447813 
-0.963233 -0.308967 
0.134061 -0.952616 
-0.0677782 0.728833 
0.480847 0.985637 
0.16907 0.524846 
0.441667 0.0234646 
0.543584 0.885605 
0.3568 0.195281 
0.256113 0.137928 
0.323715 0.160346 
0.322302 0.714531 
-0.0950367 -0.531603 
0.0751167 -0.501434 
-0.140901 -1.14808 
-0.0519505 -0.0263581 
0.0797028 0.598488 
-1.18771 -0.202998 
0.0566098 -0.799672 
-0.718451 0.0761973 
0.118526 0.0683202 
0.832214 -0.653853 
0.257519 -1.1417 
0.378317 0.886824 
-1.02401 0.192677 
0.708152 0.353741 
0.834461 -0.857651 
0.679848 0.507863 
-0.0220744 0.152258 
0.0909879 0.362232 
-0.662309 0.155575 
0.877074 0.105487 
0.280762 -0.631476 
0.635027 0.0462077 
0.115773 -0.328837 
-0.248845 0.576387 
-0.400479 -0.607857 
-0.616858 0.702664 
-0.739751 -0.640416 
0.448601 -0.450672 
-0.315438 0.680448 
0.409029 1.02908 
-0.974965 0.420717 
-0.335964 -0.931276 
-0.522071 -1.10083 
-0.492587 0.0730587 
-0.339003 -0.709465 
-0.264584 0.793142 
0.979509 -0.460823 
-0.670913 -0.060782 
-1.22674 0.271001 
-0.586291 -0.237143 
-0.380016 0.910662 
-1.01587 0.322213 
-0.316703 -0.525349 
-0.944021 0.754029 
-0.691365 -0.750781 
-0.512025 -0.776443 
0.885977 0.572772 
0.635958 -0.26135 
-1.10728 0.111664 
0.393556 -0.630648 
-0.551766 -0.524479 
-0.0939308 0.504967 
0.214504 0.29089 
-0.247775 -1.01042 
0.567469 0.673175 
-0.370913 -0.741392 
0.766582 -0.146762 
-0.0772665 -0.0641866 
-0.554177 0.382871 
-0.538475 1.09491 
0.462231 -0.762165 
0.700128 -0.218449 
-0.61591 -0.371102 
0.728265 0.504382 
-0.674393 0.199585 
-0.497965 -0.0678154 
0.404745 -0.690815 
0.878937 -0.382378 
-0.505905 0.389001 
-0.670243 -0.858177 
-0.171452 -0.371847 
0.810987 0.453029 
-0.385251 0.0730554 
0.70231 0.0353789 
-1.03466 -0.581069 
-0.149247 -0.680287 
0.132127 -0.1098 
-0.42589 0.878397 
0.79359 -0.3278 
0.0592528 0.122557 
-0.0907701 -0.440732 
-0.875685 -0.868754 
-0.977637 0.15357 
-0.808943 0.729228 
-0.700436 0.0293624 
0.0574738 0.0956111 
0.597811 0.526564 
-0.929199 -0.39196 
0.0274888 0.683414 
0.655166 0.261682 
-0.893804 -0.0678798 
-0.898826 -0.212953 
0.149288 0.834257 
0.0923086 0.109429 
0.269336 1.20854 
0.137993 -0.477737 
0.997589 0.175526 
-0.707233 -0.438898 
-0.909344 0.270681 
0.693066 0.246251 
-1.04213 0.0201086 
0.453673 1.07721 
0.406864 0.484483 
0.781539 -0.0431747 
0.11923 0.938044 
-0.951934 0.00928722 
-0.625278 -0.605279 
-0.168156 1.1517 
-1.0347 0.115044 
0.242569 -0.366968 
0.342095 0.287971 
0.197609 -0.0753131 
-1.05547 0.489294 
0.671993 -0.354234 
0.0145692 -0.0642083 
0.492443 0.751393 
-0.313173 0.990005 
0.90819 -0.0841921 
1.04046 -0.432642 
0.284588 -0.753784 
-0.0376881 -0.712891 
-0.339257 1.10459 
-0.431731 -1.12175 
-1.1603 0.28246 
-0.3234 -1.18433 
0.865335 0.859073 
-0.566201 0.439355 
0.11055 -1.10924 
0.257972 -0.427283 
-0.0440145 0.689924 
0.161033 0.297641 
0.936467 0.556173 
-0.159178 1.06187 
0.427724 0.602442 
-0.640555 -1.05398 
0.580398 0.261935 
-0.631737 0.800438 
-0.187489 -0.536104 
-0.581315 0.285965 
0.537684 -0.00678215 
-0.225486 0.930537 
0.293326 -0.49485 
-0.0372173 0.0157805 
-0.031504 -0.855516 
0.798753 -0.59272 
0.632649 -0.875577 
0.622027 -1.04074 
-1.04905 -0.556517 
0.178978 -0.475759 
-0.0580017 0.71665 
-1.04746 0.582964 
-0.0221001 -0.230293 
0.284565 0.735589 
-1.11339 0.0791252 
-0.0809443 0.326154 
-0.300935 0.81368 
-1.26094 -0.0810697 
0.506645 0.771308 
0.782092 0.795252 
-0.250818 -0.33185 
0.00630763 0.814013 
-0.0636024 -0.105881 
0.275097 -0.39486 
-0.794367 0.582399 
1.13808 0.376472 
-1.09875 -0.441114 
-0.720048 0.364952 
-1.06389 -0.598092 
0.769997 -0.326837 
-0.961799 0.463856 
0.930652 -0.767638 
-1.20449 -0.2895 
-0.02716 0.958101 
-0.480511 -0.115577 
-0.481458 -0.258011 
0.76909 0.0585407 
0.288844 -0.0501978 
0.0107696 -0.377533 
0.134136 0.564335 
0.610582 0.892456 
-0.268951 0.735366 
0.918249 0.0710925 
0.287841 -1.08279 
0.697054 0.29702 
0.282657 -0.0379976 
0.469882 -0.33647 
-0.594688 -0.407922 
-0.21875 0.186937 
0.302036 0.313522 
-0.528532 0.912025 
0.767466 -0.697851 
-0.764541 0.964001 
0.00316947 1.03783 
0.625595 -0.294586 
0.694932 0.926852 
0.615651 0.784879 
0.994709 0.245357 
0.712453 0.110343 
0.661856 -0.0746087 
0.66491 -0.867639 
-0.447573 -0.0159347 
0.92821 0.0700978 
-0.82628 -0.204783 
0.372903 0.641932 
0.23679 -0.595349 
0.212846 -0.883813 
0.761942 -0.197594 
0.0559937 0.36028 
0.260496 -0.855519 
-0.483738 0.966557 
0.792136 0.632273 
-0.207796 0.379654 
0.0313245 -0.333079 
0.162478 -0.308752 
0.548079 -1.1134 
0.783311 0.195264 
-0.364592 0.857536 
-0.980509 0.331265 
-1.12279 0.0024802 
-0.504454 -0.247058 
-0.537899 0.306922 
0.39248 -0.117437 
-0.00512335 0.733449 
0.964291 0.436491 
0.290468 0.384766 
-0.0471918 1.11724 
0.368401 0.557373 
-0.834203 0.635103 
-0.39435 0.72918 
0.419611 -0.540158 
-0.410362 0.270318 
-0.433698 0.138486 
-0.51466 -0.70167 
-0.206518 -0.860162 
-0.68605 0.0144475 
0.868165 0.244969 
-1.02352 0.329584 
-0.863112 0.447915 
0.0915789 0.292672 
-1.01492 -0.0534979 
0.0663128 1.1805 
-0.724825 -0.711857 
-1.22359 0.0633884 
-0.107994 -0.704483 
0.345274 0.549529 
-0.203021 -0.0665302 
-0.400288 0.398427 
1.04559 0.498407 
0.246014 -0.762181 
-0.182835 -0.837758 
0.904708 -0.307662 
1.09012 0.19484 
-0.809116 0.175585 
-0.562232 0.31044 
0.108611 -0.439649 
-0.214397 -0.0306575 
-0.223235 -0.594483 
-0.881635 0.865871 
0.445198 -0.479227 
0.665043 -1.03871 
-0.00726788 0.912189 
0.377294 0.231056 
0.693486 -0.920354 
-0.0320183 -0.828765 
0.482536 0.380671 
0.98105 0.251376 
-0.0288241 -0.988371 
0.399963 0.171896 
0.169452 0.744685 
0.321369 1.00336 
-0.848056 0.00869019 
-1.02872 -0.507881 
-0.671183 -0.547487 
0.933001 0.00811944 
0.0764197 -0.217343 
-0.377941 -0.308171 
0.117371 0.0637072 
1.01508 -0.20156 
-0.595489 -0.72573 
0.227672 0.305217 
-0.995228 -0.170011 
-1.00447 0.572231 
-0.961067 0.445236 
-0.132052 -0.0944046 
0.899937 -0.554569 
-0.311083 0.196167 
0.315506 -0.0127081 
-0.579667 0.0993117 
-1.24742 0.105053 
-0.759525 -0.993955 
-0.388977 -1.16961 
0.450385 -0.718466 
-0.224348 -0.265227 
-0.181389 -0.0188659 
-0.243132 -0.857321 
-0.492979 0.743795 
0.65017 -0.328325 
-0.107883 0.090084 
0.279887 -0.237446 
-0.269471 -0.988945 
-0.476233 -0.742854 
-0.709008 -0.414093 
-0.32952 0.688241 
0.562205 -0.0309533 
-0.0695964 -0.214858 
0.50939 0.0937019 
0.3629 -1.20987 
1.07699 -0.284183 
0.227561 0.194496 
0.087255 0.00348289 
0.852924 0.752616 
0.52963 -0.166941 
0.725845 0.314942 
0.215394 -1.19546 
-0.625804 -0.330069 
-0.0115192 0.832731 
-0.685224 0.651277 
-0.285082 0.434635 
0.423428 0.0619621 
-0.482798 0.116846 
0.43031 0.3625 
-0.54874 -0.215119 
0.761309 -0.210294 
-0.619909 0.833388 
0.486222 0.217023 
-0.910398 -0.196846 
-0.0408823 -0.296735 
0.00665228 -1.04672 
0.895797 0.124563 
0.92906 0.501145 
-1.11138 0.490705 
-0.710431 0.000635371 
-0.417083 -0.659429 
0.996944 -0.556153 
0.719839 0.0954225 
0.362061 -0.318004 
-0.645788 -0.11395 
0.344003 0.142962 
-0.665366 0.64478 
0.626323 0.451796 
0.863919 0.482373 
0.0514531 0.397967 
0.246843 0.772572 
1.00385 -0.445551 
-0.498367 0.33578 
0.580357 -0.744778 
-1.02608 0.428468 
0.287484 0.114659 
0.33841 -0.67492 
0.906439 -0.0369987 
-0.0602477 -0.693612 
-0.32217 1.04421 
-0.0826474 -1.04139 
-0.646606 -0.127769 
-0.00036403 -1.18722 
0.147503 -0.14189 
0.701969 -0.958973 
-0.066769 0.249575 
1.16338 0.267424 
-0.0493243 -0.264907 
-0.247171 -0.203184 
-0.00418677 0.473857 
-0.830165 0.683832 
-0.427708 0.736001 
-0.395663 0.771458 
0.539333 -0.492677 
0.27466 -0.22545 
0.617113 -0.615699 
0.556538 0.227917 
0.704137 0.0251699 
-0.818258 -0.861211 
-0.844184 0.485919 
-0.218759 -0.26912 
-0.161542 -0.68452 
0.215963 0.659803 
0.422453 -1.08482 
-0.0588133 0.648093 
-0.86088 0.393335 
-0.559496 0.623511 
0.129816 -0.310853 
0.547131 0.286638 
-0.114802 0.285248 
-0.643963 0.987153 
0.688814 -0.444404 
-0.729877 -0.765138 
0.194731 0.25039 
0.165229 -0.0834858 
-0.334501 0.296533 
0.153946 0.357735 
-0.509057 -0.64498 
-0.147372 -0.662963 
-0.102815 -0.852885 
0.115408 0.799078 
-0.0381833 -0.482495 
-0.891326 -0.769488 
-0.604395 -0.122822 
0.524678 0.525905 
-1.04937 0.115839 
-0.447166 -0.50398 
0.970885 0.213062 
1.07633 -0.437658 
-0.306185 -1.01104 
0.902758 0.598419 
1.12721 -0.551702 
0.950811 -0.416186 
0.788856 0.218718 
0.766118 -0.319125 
0.732009 0.724611 
-0.275564 -0.219679 
-0.252104 0.558534 
0.627014 0.0406007 
-0.259591 -0.887041 
-0.879146 0.674046 
-0.657022 0.407257 
0.495198 0.685806 
-0.809448 0.326064 
1.14178 -0.0490781 
-0.283147 -0.158536 
-0.709401 0.79209 
0.36638 0.222073 
0.503037 0.474459 
0.440103 0.12587 
1.04764 -0.0964827 
0.254774 0.0606399 
0.746685 -0.890193 
-0.687727 0.321435 
-1.00224 -0.375581 
-0.114379 -0.406287 
0.700859 -0.871762 
0.949456 0.692182 
0.489894 -0.623734 
-1.0076 0.393225 
0.498557 0.872989 
0.427175 -0.689877 
0.0982911 -0.613667 
0.604228 -0.19908 
0.0578213 -0.15411 
0.256358 0.661549 
-0.0816114 -0.00249855 
-0.348749 -0.915838 
-0.373786 -1.19596 
0.602571 -0.978397 
-0.573364 0.738994 
-0.891357 0.102727 
0.0638945 0.792936 
0.358889 0.268203 
-0.710623 0.126297 
0.744378 0.291747 
-0.239973 0.0395293 
-0.210983 0.393161 
0.284569 -0.933245 
-0.727997 0.907128 
0.0516053 -1.03435 
-0.476622 0.0140667 
0.595376 -0.281308 
0.358221 0.955622 
0.384739 1.03364 
-0.15478 -0.404818 
-0.581147 0.0297255 
-0.771366 -0.0135387 
0.554557 0.55273 
-0.633839 0.235582 
0.570844 0.309813 
0.345086 0.250383 
0.707677 0.0549462 
0.701274 -0.374146 
0.0613519 -0.0477723 
-0.0341753 -0.233436 
-0.633245 -0.291073 
-0.714175 -0.0391063 
1.01152 0.258318 
0.592355 -0.765977 
-0.430723 0.0211187 
-1.0366 -0.00753585 
-0.873772 0.209372 
-0.244183 -0.625876 
0.598012 -0.932887 
-0.458043 -0.289375 
0.661018 0.121444 
0.531666 0.624745 
0.471635 -0.623978 
-0.885046 0.655954 
-0.650963 -0.0270724 
-0.928804 0.239199 
-0.135375 -0.952276 
-0.411913 -0.128956 
0.853723 -0.760713 
0.495319 0.636912 
-0.522735 0.107798 
-0.230688 -0.390397 
-0.297504 0.940555 
0.959425 -0.743621 
-0.352731 -0.836519 
0.0304292 -0.930512 
-0.611562 0.0468683 
-0.813347 0.229028 
0.787841 0.763049 
-0.0823394 0.446858 
0.039437 -0.429889 
0.111265 0.98747 
0.0944265 0.457331 
0.846196 -0.244933 
-0.788921 -0.350966 
0.234013 -0.609399 
0.0173351 -0.583677 
-0.0104284 -0.437231 
0.128422 -1.24838 
0.585442 0.102483 
0.99958 0.272073 
-0.889705 -0.647907 
0.459227 -0.172942 
-0.0379735 -0.425652 
0.936088 0.235818 
0.0430324 1.12552 
-0.939219 -0.252898 
-0.201817 -0.0642888 
-0.946421 0.609893 
-0.0546872 0.209036 
0.0382534 0.895263 
0.577626 -0.640373 
0.199927 -0.315909 
-0.841204 -0.875783 
1.03074 -0.268901 
-0.367846 -0.84299 
-0.770871 -0.228774 
0.465259 -0.311615 
0.217087 0.698913 
1.13135 0.380887 
0.789481 0.820652 
-0.0404834 0.656131 
-1.1499 -0.114557 
-0.540582 -0.482579 
0.136584 -1.18938 
0.168518 -0.908835 
0.304889 0.74429 
0.391484 -0.792202 
0.392403 0.618105 
0.146245 -0.46092 
-0.870528 -0.0382197 
0.667449 -0.07314 
0.416553 -0.928581 
0.354281 -1.03746 
0.648906 0.300076 
0.307565 0.615049 
-0.913753 0.354457 
-0.319639 -0.358764 
-0.0243322 -0.397736 
0.0108935 0.18963 
-0.685276 -0.468744 
-0.809196 0.177284 
-0.143389 -0.306242 
0.135275 0.341713 
-0.527398 -0.48729 
0.795427 0.109717 
-0.0463764 -0.0475545 
-0.298791 0.203879 
-0.490105 0.287245 
-0.403466 0.275811 
0.155173 0.579184 
0.203865 -0.13411 
0.537709 -0.302675 
0.741875 0.544173 
0.46518 -0.116125 
0.16253 -0.439232 
-0.363481 -0.124875 
0.514381 0.315067 
0.534165 -0.652571 
0.0612836 0.943746 
0.9669 0.72788 
-1.08606 -0.276109 
0.330315 -0.6185 
0.815899 -0.785211 
0.640946 -0.04014 
0.129331 0.0946898 
0.507574 -1.02115 
-0.304981 0.368572 
0.155706 -1.2269 
0.945833 -0.451678 
0.24645 -0.156834 
-0.883176 -0.575609 
-1.18554 0.115951 
-0.120337 0.825828 
0.149331 0.960183 
-0.490445 0.728123 
-1.05888 0.0546692 
-0.623515 0.937067 
0.685917 0.0946322 
-0.379093 0.58728 
0.416786 -1.06686 
-0.411023 0.209783 
0.223497 0.970603 
0.302027 0.157451 
-1.1375 0.26004 
-0.671296 0.00384364 
-0.881464 -0.23528 
-0.257771 -0.535043 
-0.0605229 0.404931 
0.82401 -0.513911 
-0.671034 -0.122597 
1.10722 0.38683 
-0.891348 0.770284 
-0.327025 -0.485499 
-0.889231 0.258929 
0.295224 0.387606 
0.669099 0.316194 
0.578004 0.266364 
-0.109474 -0.395904 
-0.482944 0.740943 
-1.00678 0.123356 
-0.666762 -0.915815 
-0.75193 -0.495866 
-0.116427 -0.0664419 
-1.10372 -0.561397 
-0.732504 0.831029 
0.465831 0.243686 
-0.60959 -0.831982 
-0.713497 -0.0663634 
0.680549 0.927575 
-0.141179 -0.280956 
-0.330616 0.871416 
-0.388679 -1.10717 
-0.336322 -0.871061 
-0.508456 0.229229 
0.234956 -0.474614 
-1.16139 -0.450878 
-0.114495 0.404009 
0.685773 0.0981703 
-0.696187 0.495855 
0.109605 -0.297352 
0.839657 0.634311 
1.00768 0.579513 
0.628509 0.666719 
-0.116824 -0.0806076 
0.247358 0.51303 
0.589725 0.16792 
0.593043 -1.04595 
0.0512205 -0.888463 
-1.12852 -0.525544 
-0.12604 0.139369 
0.87363 -0.685061 
-0.847476 0.00984873 
-0.964662 -0.781418 
0.507944 0.0331576 
0.301248 -0.179863 
-0.0509409 0.170961 
0.188926 0.660381 
0.0509176 0.733189 
-0.0582598 -0.745365 
-0.584313 0.911046 
0.526318 0.290682 
-0.631085 0.0133518 
-0.281724 0.595656 
-0.36358 0.15007 
0.626536 -1.05964 
0.532892 -0.386189 
-0.628629 0.516058 
0.916401 0.37015 
-1.08162 -0.578155 
-0.0483897 -0.217604 
0.51184 0.900701 
-0.348225 -0.453455 
0.946119 0.113426 
0.632371 -0.980457 
-0.173504 0.17824 
0.781996 -0.633649 
0.146452 -0.201151 
-0.524426 0.645965 
-0.525842 0.467568 
1.11521 0.289579 
-0.191264 0.631456 
0.812848 -0.554277 
0.195811 -0.165854 
-0.154373 0.337987 
-0.350407 -1.02921 
0.660485 -0.736917 
-0.162023 -0.158495 
0.938659 0.166875 
-0.11051 -0.0682417 
0.00815567 -0.0820906 
0.491965 0.0146511 
0.479792 0.274924 
-0.798436 0.416193 
0.107387 -0.409239 
1.0407 -0.115639 
-0.774511 -0.358534 
0.753893 0.437312 
-0.749691 -0.740244 
0.447993 0.914532 
1.19296 -0.234057 
-0.239605 0.184265 
-0.339688 0.240844 
-0.250935 0.181096 
0.512631 -0.850786 
0.755194 0.519479 
0.892512 0.691226 
-0.576944 0.652223 
-0.0913641 0.951577 
0.0953971 0.0983745 
-0.500906 0.515901 
-0.392136 -1.06386 
0.216954 -0.902078 
0.72196 -0.0660292 
0.273665 0.740395 
-0.888122 0.33425 
0.313376 -1.15971 
-0.357176 -0.0548734 
0.748786 0.90261 
0.960093 0.251267 
-0.598319 -0.55356 
0.450851 -1.10523 
-1.06806 0.139113 
-0.011548 0.714344 
-0.994568 0.390914 
0.492993 -0.998211 
0.3847 -0.17494 
-0.534108 -0.64433 
0.219907 0.820717 
0.452001 0.153742 
0.84633 -0.850188 
0.121814 -0.999101 
-0.241123 -0.0661645 
-0.643195 -0.368882 
1.21715 -0.097053 
0.22408 -0.10801 
-0.917206 0.159236 
-0.0432334 -0.403835 
0.939331 0.508305 
0.440187 -0.476035 
0.654787 -0.0691127 
0.89886 -0.0794175 
-0.600125 -0.0245005 
0.648319 -0.653898 
-0.0289203 0.0493457 
-0.973167 0.344079 
0.131202 0.299662 
-0.831799 0.617277 
0.865289 0.272875 
0.504649 0.65637 
-0.220033 0.684058 
0.447943 0.286753 
-0.81324 0.268421 
