0.484122 -0.974321 
-0.931272 0.70355 
-0.378911 0.745749 
-0.12898 1.17844 
0.580077 -0.952027 
-0.539589 0.318025 
-0.758905 -0.202382 
-0.542488 -1.09523 
0.390148 -0.975463 
-0.447673 -0.316205 
-0.813764 -0.00197257 
0.942059 -0.498616 
-0.938759 0.600019 
-0.246896 -0.996358 
1.11135 0.0282595 
-0.157175 0.536111 
-0.256453 0.256469 
-0.555176 0.185305 
-0.0983725 0.810925 
-0.622407 -0.0619739 
0.691862 -0.376559 
-0.448053 0.564178 
-0.0985577 0.520588 
-0.575963 -0.491295 
-1.04174 -0.113285 
-0.760691 0.759683 
-0.48081 0.884042 
-0.181559 -0.588371 
-0.564429 -0.0665272 
-0.737558 0.151093 
-0.733241 -0.453195 
-0.15936 -0.424788 
0.358276 0.421375 
-0.0143406 -0.159803 
-0.302129 -0.856295 
0.725632 -0.776938 
-0.0229645 -1.22503 
0.0117861 0.398988 
0.697817 -0.492032 
-0.378824 -0.0366405 
0.439303 1.07178 
0.33135 0.955224 
-0.452938 1.00328 
0.692364 0.61841 
-0.314704 0.491258 
-0.133245 -0.212577 
0.817494 -0.351333 
-0.461078 0.762568 
-0.303061 -0.0550856 
-0.969395 -0.67799 
0.0725347 1.06814 
-0.0817144 1.03621 
0.208703 0.989358 
1.02202 -0.194942 
1.04997 0.507429 
0.170988 0.96687 
0.720593 0.82738 
-0.127201 0.291069 
-0.463996 0.497409 
-0.50892 -0.354005 
-0.51767 -0.706887 
0.553192 -0.815772 
0.778681 0.0224698 
-0.494314 0.70232 
0.0951762 0.748283 
0.920042 0.601385 
1.0207 0.30396 
0.252165 0.613689 
-0.324712 -0.695059 
-0.313971 0.411616 
-0.894912 0.303155 
0.218352 -0.986661 
-0.858692 0.1399 
0.00398927 -0.00861405 
-0.393137 0.93203 
0.0112051 -0.858822 
0.602143 0.822498 
1.11395 0.219494 
-0.622919 0.0932027 
0.350528 -0.12106 
0.377659 -0.776888 
-0.201006 -0.899034 
0.323545 -1.02979 
-0.437438 -1.02594 
-0.131606 0.158382 
-0.830924 -0.272601 
0.473437 0.541378 
0.420316 0.540287 
0.691142 0.55954 
-0.60072 0.64496 
-0.259679 1.07854 
-0.61675 0.489921 
-1.01244 -0.512152 
-0.915345 -0.658075 
-0.613697 -0.718835 
-0.322641 -0.18695 
-0.829373 -0.75639 
-0.0538634 -0.305632 
0.160528 0.269704 
-0.10038 -0.600787 
0.0261889 -0.142724 
0.535403 0.568086 
0.0743661 0.173161 
0.330415 -0.282239 
-0.143563 0.798776 
1.02263 0.363717 
1.03728 0.377585 
-0.0535532 0.767884 
0.264527 0.625246 
0.492219 0.108465 
1.13608 -0.396748 
1.13952 -0.0519676 
0.408247 0.73846 
0.0751668 -0.873346 
-0.263999 0.570212 
-0.79853 0.684128 
-0.149069 -0.344435 
0.879008 0.320147 
0.884493 0.776243 
0.890559 -0.672985 
0.762943 -0.872757 
0.0248738 -0.282597 
-1.03464 0.580576 
-0.200705 0.0598143 
0.48304 0.911329 
-0.82485 0.468498 
-0.194393 -0.569686 
-1.07482 0.281072 
-0.26776 -0.976446 
0.0318773 0.746444 
-0.629632 -0.551011 
-0.0963699 0.534879 
0.867536 0.108786 
0.423351 0.833031 
0.875006 -0.21598 
-0.888724 -0.618568 
0.507479 -0.555752 
-0.58147 -0.0221037 
-0.303906 -0.71334 
-0.208858 0.568295 
0.380032 1.06742 
-0.250014 0.852136 
-1.06494 -0.521496 
0.253208 0.112579 
-0.43317 -0.0105641 
-0.0372717 0.681741 
0.978275 0.153131 
-0.326809 0.346068 
1.03906 -0.364102 
0.486485 -0.756044 
-1.08748 0.492624 
0.86303 0.499594 
-0.107887 -0.431187 
-0.0166628 0.545991 
0.357338 -0.749495 
0.296174 0.576276 
0.807448 -0.794372 
-0.053334 0.186476 
1.06731 0.34865 
-0.0159858 -0.620161 
0.700191 -0.449734 
-0.638307 -0.633217 
0.578831 0.3021 
-0.485525 1.04079 
-0.572394 -0.455645 
-0.382399 0.909597 
-1.01119 0.292705 
-0.211924 -0.0902776 
0.409612 0.964673 
0.0551418 -0.0916421 
0.00448272 1.02941 
-0.165216 -0.924793 
-0.928696 -0.386796 
-0.0602502 -0.457134 
-0.21848 -0.684391 
0.645495 -0.710412 
-0.118887 0.151537 
0.317751 0.276289 
-0.055814 -0.765668 
0.562304 0.987343 
-0.635908 -0.303018 
0.106956 0.118259 
-0.610558 -0.568395 
0.32874 0.712441 
-0.185718 -0.722485 
0.522604 -0.215973 
-0.121265 -0.556316 
1.14718 0.0255569 
-0.246327 -0.654623 
-0.328668 -1.11623 
0.618982 -0.273748 
-0.897054 -0.8334 
0.471176 -0.355978 
-0.0517408 -0.190215 
-0.5826 0.855594 
0.958647 0.678031 
0.226559 -0.809439 
0.557983 0.491583 
-0.318855 0.488575 
0.392832 0.247954 
0.727866 -0.214814 
-0.621055 0.944457 
-0.412874 0.577841 
0.273967 0.68026 
0.214602 -0.906686 
-0.834976 -0.361094 
0.262214 0.496729 
1.06729 -0.116476 
-0.235363 -0.193842 
-0.0123139 0.397669 
-1.11789 -0.305751 
0.808238 0.247185 
0.734986 -0.00343064 
-0.814729 -0.713082 
0.646339 0.64795 
0.318294 -0.689888 
-0.690067 -0.157604 
0.463067 1.04881 
-0.0312711 -0.879118 
-1.00791 0.668078 
-0.505274 0.980803 
0.283696 -0.976958 
1.10066 0.356286 
-0.321788 0.27768 
0.607166 -0.675152 
0.176049 -0.723669 
-0.509071 -0.315937 
-1.13793 0.370521 
0.375931 -0.701319 
0.0120376 -0.361216 
-0.0811669 -0.494071 
0.791897 0.408487 
0.738411 0.673079 
0.397621 -0.511642 
0.88396 0.0927389 
-0.311369 0.114831 
0.331921 -0.666818 
0.750388 -0.239567 
-0.75108 -0.370784 
-0.53467 0.124238 
0.619681 -0.44112 
-0.946727 -0.306811 
0.127154 -0.937983 
-0.0667258 0.717815 
0.47214 0.973463 
0.165764 0.517348 
0.434628 0.0232683 
0.533867 0.874075 
0.350609 0.193077 
0.251893 0.136158 
0.317721 0.158321 
0.316869 0.704631 
-0.0930654 -0.522548 
0.0748469 -0.493795 
-0.140815 -1.12241 
-0.0511851 -0.0243302 
0.0783694 0.589008 
-1.16844 -0.204864 
0.0534129 -0.78592 
-0.706632 0.0741384 
0.116673 0.0691536 
0.820159 -0.642667 
0.244573 -1.12705 
0.368626 0.875714 
-1.00902 0.186413 
0.697725 0.348305 
0.822531 -0.845569 
0.67025 0.500214 
-0.0219123 0.152173 
0.0893259 0.358324 
-0.651771 0.152989 
0.863395 0.101611 
0.273439 -0.62093 
0.624038 0.0453415 
0.115369 -0.323105 
-0.244769 0.567904 
-0.392427 -0.596682 
-0.607275 0.692275 
-0.723849 -0.634415 
0.440464 -0.443521 
-0.309388 0.670546 
0.399899 1.01701 
-0.960948 0.41362 
-0.335757 -0.913393 
-0.514377 -1.08785 
-0.483536 0.0721033 
-0.332329 -0.695684 
-0.258869 0.781584 
0.965034 -0.453366 
-0.659196 -0.0613502 
-1.21154 0.264526 
-0.574643 -0.234647 
-0.371519 0.898861 
-1.00149 0.314716 
-0.311053 -0.515069 
-0.930624 0.744976 
-0.674191 -0.743691 
-0.499421 -0.762941 
0.874911 0.563802 
0.624384 -0.25739 
-1.0913 0.105567 
0.384809 -0.620472 
-0.540163 -0.516836 
-0.0923091 0.49794 
0.210214 0.288076 
-0.246163 -0.991768 
0.558799 0.663773 
-0.362739 -0.726512 
0.753553 -0.145103 
-0.0764693 -0.0615864 
-0.545725 0.377391 
-0.526627 1.08349 
0.452233 -0.750977 
0.688266 -0.215291 
-0.603989 -0.366038 
0.718127 0.496713 
-0.663651 0.196207 
-0.488183 -0.0671902 
0.395595 -0.680143 
0.865294 -0.375969 
-0.498486 0.383433 
-0.64819 -0.851702 
-0.169332 -0.365347 
0.800022 0.445069 
-0.378836 0.0722701 
0.690396 0.0343757 
-1.01663 -0.577165 
-0.146743 -0.667626 
0.131643 -0.107087 
-0.417315 0.867084 
0.780663 -0.322849 
0.0590273 0.122431 
-0.0891412 -0.433109 
-0.85414 -0.86343 
-0.962733 0.148043 
-0.796721 0.719508 
-0.688889 0.0278256 
0.0575695 0.096103 
0.588899 0.518355 
-0.912611 -0.389712 
0.0267438 0.673113 
0.645388 0.258443 
-0.878608 -0.0690921 
-0.883264 -0.212089 
0.146922 0.822217 
0.0911814 0.109102 
0.260978 1.18871 
0.136605 -0.470575 
0.982907 0.169024 
-0.694338 -0.434003 
-0.895169 0.264646 
0.682772 0.243082 
-1.02566 0.0149864 
0.445108 1.06491 
0.400332 0.477303 
0.76824 -0.0436751 
0.117587 0.925011 
-0.936369 0.00510648 
-0.612218 -0.597462 
-0.163427 1.13816 
-1.01918 0.109795 
0.239911 -0.361552 
0.336315 0.284846 
0.195936 -0.0738265 
-1.04215 0.480492 
0.660221 -0.349061 
0.0150008 -0.0617994 
0.484369 0.740948 
-0.303764 0.977477 
0.893616 -0.0839313 
1.02517 -0.425962 
0.276146 -0.741622 
-0.0372233 -0.699785 
-0.329266 1.09074 
-0.424822 -1.10569 
-1.1455 0.275351 
-0.313312 -1.16656 
0.853114 0.849588 
-0.55762 0.43315 
0.099158 -1.09315 
0.254043 -0.420778 
-0.0432536 0.679463 
0.158059 0.295115 
0.925179 0.54686 
-0.154733 1.04914 
0.420955 0.593381 
-0.630825 -1.04168 
0.571483 0.258677 
-0.622056 0.789652 
-0.184649 -0.526798 
-0.572333 0.281962 
0.527655 -0.00688196 
-0.219528 0.917874 
0.287712 -0.486969 
-0.0367058 0.0170312 
-0.0329845 -0.839763 
0.786356 -0.582594 
0.621061 -0.863223 
0.609791 -1.02764 
-1.03123 -0.552303 
0.176666 -0.468436 
-0.0570717 0.705754 
-1.03448 0.574024 
-0.0215988 -0.225592 
0.279729 0.725227 
-1.09715 0.0733062 
-0.0804009 0.322625 
-0.293911 0.802103 
-1.24057 -0.0880421 
0.49817 0.760722 
0.7707 0.785662 
-0.247769 -0.326245 
0.00587169 0.802232 
-0.0628021 -0.102697 
0.270915 -0.388815 
-0.781963 0.573458 
1.1261 0.365532 
-1.08058 -0.437387 
-0.708717 0.359294 
-1.04545 -0.594251 
0.757326 -0.321976 
-0.947771 0.456733 
0.920071 -0.753302 
-1.18425 -0.287774 
-0.0280269 0.944927 
-0.471156 -0.114055 
-0.472032 -0.254896 
0.756137 0.0566492 
0.285409 -0.0488902 
0.0113979 -0.371065 
0.131711 0.555424 
0.600638 0.880912 
-0.263531 0.724603 
0.903673 0.067485 
0.27539 -1.06883 
0.686784 0.292766 
0.279421 -0.0369951 
0.46135 -0.331323 
-0.582834 -0.402356 
-0.21582 0.184615 
0.297034 0.310512 
-0.519279 0.900645 
0.755787 -0.686686 
-0.753505 0.951868 
0.00303872 1.02379 
0.614228 -0.28988 
0.68286 0.916729 
0.605766 0.774765 
0.981016 0.238459 
0.700685 0.108107 
0.650027 -0.0738575 
0.653451 -0.855239 
-0.438951 -0.0156562 
0.913421 0.0663802 
-0.811966 -0.203775 
0.366881 0.632392 
0.230997 -0.58589 
0.205719 -0.86992 
0.749321 -0.194837 
0.0554044 0.356928 
0.252031 -0.842155 
-0.474098 0.955277 
0.781532 0.62341 
-0.204698 0.374654 
0.0318009 -0.327138 
0.161075 -0.303625 
0.534893 -1.10059 
0.771442 0.191852 
-0.356582 0.846043 
-0.966343 0.324095 
-1.10551 -0.00355359 
-0.494286 -0.244196 
-0.529822 0.302779 
0.386531 -0.116076 
-0.0052763 0.722341 
0.95288 0.427927 
0.286067 0.380179 
-0.0458394 1.10261 
0.362414 0.548736 
-0.821932 0.625642 
-0.387092 0.718962 
0.411312 -0.530846 
-0.403869 0.266793 
-0.426344 0.136533 
-0.502327 -0.69116 
-0.205368 -0.843827 
-0.674629 0.0131437 
0.855381 0.240258 
-1.00908 0.321954 
-0.849738 0.440997 
0.0906029 0.29056 
-0.998231 -0.0573234 
0.0688444 1.16402 
-0.708003 -0.705389 
-1.20662 0.0565855 
-0.106148 -0.691257 
0.339564 0.540973 
-0.201099 -0.0639337 
-0.393936 0.392976 
1.03401 0.489903 
0.237782 -0.749649 
-0.181985 -0.82196 
0.890559 -0.302158 
1.07519 0.185504 
-0.796152 0.171361 
-0.553618 0.306127 
0.108049 -0.433241 
-0.212393 -0.0288142 
-0.219427 -0.582977 
-0.868836 0.85486 
0.436933 -0.471421 
0.652966 -1.02553 
-0.00801489 0.899612 
0.370768 0.22843 
0.681788 -0.907603 
-0.0330258 -0.813576 
0.474999 0.375576 
0.967503 0.244748 
-0.0329673 -0.970779 
0.393102 0.169756 
0.166685 0.734169 
0.313379 0.991602 
-0.834403 0.00563272 
-1.01128 -0.503495 
-0.657837 -0.541124 
0.917948 0.00547302 
0.0763724 -0.21299 
-0.371773 -0.304022 
0.115632 0.0646673 
1.00003 -0.198292 
-0.580346 -0.716903 
0.223365 0.302243 
-0.978335 -0.170734 
-0.991324 0.563656 
-0.947071 0.438223 
-0.130737 -0.0913336 
0.885987 -0.544458 
-0.306178 0.193708 
0.310483 -0.0124958 
-0.569592 0.0977306 
-1.23062 0.0959436 
-0.736347 -0.983107 
-0.376921 -1.15363 
0.440709 -0.70769 
-0.221985 -0.26035 
-0.180081 -0.0173173 
-0.241345 -0.841088 
-0.484451 0.733358 
0.638578 -0.323287 
-0.106699 0.0906114 
0.276935 -0.233492 
-0.267819 -0.97068 
-0.465677 -0.729122 
-0.696049 -0.409469 
-0.323196 0.6783 
0.551876 -0.0306774 
-0.0682809 -0.21062 
0.500243 0.0919413 
0.348532 -1.19589 
1.06164 -0.278027 
0.223313 0.19255 
0.0867959 0.00481252 
0.841365 0.743475 
0.519572 -0.164764 
0.715031 0.310082 
0.201182 -1.1805 
-0.613768 -0.325888 
-0.0117901 0.820787 
-0.674714 0.641288 
-0.281028 0.428402 
0.416748 0.0611007 
-0.474466 0.115127 
0.424031 0.358337 
-0.53767 -0.21292 
0.748747 -0.207179 
-0.610309 0.822357 
0.478511 0.214376 
-0.894729 -0.196526 
-0.0397749 -0.290904 
0.000106249 -1.02855 
0.88185 0.119967 
0.917758 0.4922 
-1.09776 0.481216 
-0.698606 -0.000629399 
-0.408265 -0.647067 
0.982496 -0.546225 
0.707841 0.0934222 
0.356001 -0.312818 
-0.634219 -0.113859 
0.337704 0.141307 
-0.655162 0.634962 
0.617113 0.445052 
0.852732 0.473791 
0.0504356 0.393235 
0.242789 0.761642 
0.988862 -0.438586 
-0.491174 0.331186 
0.569829 -0.733374 
-1.0119 0.421008 
0.282038 0.113229 
0.33003 -0.663944 
0.891596 -0.039175 
-0.0590872 -0.680931 
-0.312453 1.03144 
-0.0863561 -1.02282 
-0.635011 -0.127326 
-0.0149414 -1.1687 
0.146827 -0.138648 
0.690157 -0.945998 
-0.0663136 0.247082 
1.15029 0.253019 
-0.0482811 -0.259484 
-0.244631 -0.199657 
-0.00467509 0.466998 
-0.817908 0.674279 
-0.420066 0.72578 
-0.388122 0.760627 
0.52899 -0.484817 
0.271866 -0.221632 
0.60604 -0.60603 
0.547901 0.225218 
0.692162 0.02423 
-0.797304 -0.85539 
-0.831184 0.47846 
-0.216456 -0.264168 
-0.158852 -0.671684 
0.212029 0.649945 
0.410164 -1.07161 
-0.0575662 0.638392 
-0.847395 0.386834 
-0.550872 0.614484 
0.129174 -0.305524 
0.538883 0.283008 
-0.113155 0.282534 
-0.634533 0.975063 
0.67661 -0.438 
-0.711836 -0.758398 
0.191038 0.248504 
0.164217 -0.0816048 
-0.329468 0.292723 
0.150651 0.353088 
-0.497607 -0.635327 
-0.144857 -0.650737 
-0.103152 -0.836819 
0.113542 0.787596 
-0.0372399 -0.47444 
-0.872065 -0.764267 
-0.593392 -0.122276 
0.516864 0.517981 
-1.03373 0.11044 
-0.43797 -0.495619 
0.956952 0.206965 
1.06095 -0.431128 
-0.304144 -0.992717 
0.891631 0.589399 
1.11064 -0.543795 
0.936613 -0.408911 
0.777073 0.21497 
0.753499 -0.31438 
0.721205 0.715334 
-0.272096 -0.21577 
-0.248045 0.550518 
0.616087 0.0397802 
-0.257998 -0.870092 
-0.86656 0.664656 
-0.647267 0.401405 
0.487554 0.676183 
-0.796403 0.320216 
1.12481 -0.0449434 
-0.279617 -0.156017 
-0.698723 0.78153 
0.360056 0.219606 
0.495435 0.467704 
0.432747 0.124018 
1.03191 -0.0935508 
0.251465 0.0602434 
0.734914 -0.877619 
-0.677126 0.316743 
-0.984342 -0.373368 
-0.11278 -0.39926 
0.689327 -0.859283 
0.938299 0.682503 
0.480409 -0.613717 
-0.99336 0.385886 
0.489115 0.861593 
0.417839 -0.679268 
0.0960819 -0.603594 
0.592951 -0.196417 
0.0578755 -0.150543 
0.25175 0.65181 
-0.0802965 -0.000985105 
-0.348772 -0.898144 
-0.359687 -1.17944 
0.590479 -0.965473 
-0.564168 0.728434 
-0.876889 0.0986793 
0.0628261 0.781379 
0.352744 0.265174 
-0.698956 0.123839 
0.733309 0.287122 
-0.236567 0.0396437 
-0.207889 0.387603 
0.275256 -0.919478 
-0.717778 0.895084 
0.0444178 -1.01763 
-0.467238 0.013795 
0.584476 -0.276766 
0.349721 0.94346 
0.375476 1.02169 
-0.152609 -0.397544 
-0.570896 0.0288539 
-0.758754 -0.0149995 
0.546195 0.544272 
-0.623993 0.232036 
0.562229 0.305477 
0.339287 0.247723 
0.695738 0.0537049 
0.689124 -0.368792 
0.0611514 -0.0458679 
-0.033475 -0.228668 
-0.621033 -0.287933 
-0.702026 -0.0399 
0.997983 0.25089 
0.581569 -0.754298 
-0.422827 0.0207357 
-1.01988 -0.0124057 
-0.859727 0.204019 
-0.2397 -0.613721 
0.586016 -0.920226 
-0.449314 -0.285236 
0.650143 0.11925 
0.523633 0.615745 
0.462298 -0.613981 
-0.872499 0.646517 
-0.63963 -0.0278409 
-0.914371 0.233302 
-0.1361 -0.934138 
-0.404768 -0.126688 
0.842297 -0.748415 
0.487794 0.627766 
-0.513582 0.106292 
-0.227535 -0.383204 
-0.288852 0.928214 
0.947959 -0.729727 
-0.348449 -0.82047 
0.0256986 -0.914417 
-0.600927 0.0456309 
-0.800292 0.224012 
0.776328 0.753799 
-0.080872 0.440851 
0.039603 -0.422971 
0.110114 0.973447 
0.0921756 0.451013 
0.832694 -0.240655 
-0.774882 -0.347813 
0.22806 -0.599526 
0.0177462 -0.574599 
-0.00976449 -0.429965 
0.109878 -1.23106 
0.575363 0.100871 
0.986281 0.264858 
-0.871918 -0.642076 
0.451341 -0.170022 
-0.036937 -0.418555 
0.92268 0.230221 
0.0455391 1.11082 
-0.923049 -0.25119 
-0.199928 -0.0617343 
-0.933696 0.600714 
-0.0541908 0.207185 
0.0370765 0.882861 
0.567344 -0.629976 
0.197842 -0.310829 
-0.819673 -0.870311 
1.01562 -0.263562 
-0.362821 -0.826838 
-0.757717 -0.226828 
0.456906 -0.307025 
0.21329 0.688624 
1.11942 0.370228 
0.77796 0.810972 
-0.0397154 0.646335 
-1.1318 -0.117959 
-0.529177 -0.475719 
0.12124 -1.17294 
0.161861 -0.894721 
0.29965 0.733923 
0.381932 -0.780579 
0.386126 0.608746 
0.144784 -0.454233 
-0.855988 -0.0399515 
0.655522 -0.0724449 
0.405937 -0.915109 
0.342652 -1.02402 
0.639447 0.295848 
0.302309 0.605704 
-0.899889 0.347799 
-0.314777 -0.353169 
-0.0233209 -0.391056 
0.0102809 0.188078 
-0.672675 -0.463285 
-0.796231 0.173031 
-0.141802 -0.300464 
0.132495 0.337733 
-0.516293 -0.480174 
0.782608 0.106986 
-0.0457236 -0.0451753 
-0.294181 0.201222 
-0.482911 0.283532 
-0.397068 0.272189 
0.152128 0.569765 
0.202042 -0.131122 
0.527564 -0.297882 
0.731511 0.535937 
0.456989 -0.11489 
0.160851 -0.433055 
-0.357889 -0.122752 
0.506657 0.31117 
0.52425 -0.642083 
0.0600102 0.930676 
0.955714 0.717781 
-1.06815 -0.27533 
0.322308 -0.608219 
0.804209 -0.773403 
0.629534 -0.0401393 
0.126694 0.094378 
0.495427 -1.00806 
-0.300408 0.363864 
0.139379 -1.21073 
0.931931 -0.443915 
0.243947 -0.153787 
-0.865894 -0.569573 
-1.16951 0.107941 
-0.11813 0.813892 
0.147627 0.946772 
-0.482064 0.717941 
-1.04266 0.0493149 
-0.613932 0.925412 
0.674523 0.0928515 
-0.372924 0.578384 
0.404717 -1.0536 
-0.404332 0.207232 
0.218454 0.957937 
0.296286 0.155283 
-1.12267 0.253291 
-0.659966 0.00271415 
-0.866142 -0.233655 
-0.253861 -0.525166 
-0.059562 0.399853 
0.810633 -0.505622 
-0.659043 -0.122403 
1.0954 0.37694 
-0.878391 0.76084 
-0.321371 -0.476786 
-0.875188 0.253136 
0.290697 0.382947 
0.659436 0.311598 
0.569158 0.263058 
-0.107993 -0.389114 
-0.474562 0.73058 
-0.991527 0.118317 
-0.643424 -0.908122 
-0.738061 -0.490432 
-0.115227 -0.0640015 
-1.08553 -0.556847 
-0.721528 0.819953 
0.458523 0.240808 
-0.588645 -0.824703 
-0.701122 -0.0669282 
0.668858 0.917079 
-0.139574 -0.275525 
-0.322661 0.859606 
-0.382533 -1.09049 
-0.334681 -0.854308 
-0.500576 0.226331 
0.231341 -0.467107 
-1.14292 -0.446123 
-0.112701 0.398566 
0.674401 0.0963155 
-0.685413 0.488601 
0.109365 -0.29222 
0.828731 0.625439 
0.996247 0.569477 
0.619238 0.657503 
-0.115663 -0.0777839 
0.242754 0.505145 
0.580001 0.165585 
0.580675 -1.03286 
0.0466754 -0.873297 
-1.11023 -0.52075 
-0.124386 0.138696 
0.861853 -0.673043 
-0.833844 0.00677358 
-0.94467 -0.776592 
0.498524 0.0323107 
0.297754 -0.176961 
-0.0504773 0.170286 
0.185541 0.650357 
0.049984 0.722416 
-0.057462 -0.731296 
-0.574959 0.899579 
0.51842 0.287128 
-0.620116 0.012298 
-0.276746 0.586654 
-0.357544 0.148229 
0.614239 -1.0465 
0.522508 -0.37987 
-0.619462 0.508201 
0.904748 0.362876 
-1.0634 -0.573982 
-0.0474051 -0.213258 
0.502247 0.889001 
-0.341805 -0.445764 
0.931195 0.108278 
0.620246 -0.967551 
-0.171178 0.176235 
0.770209 -0.623059 
0.145442 -0.197054 
-0.516151 0.636667 
-0.517913 0.460858 
1.10256 0.278365 
-0.188437 0.621521 
0.799709 -0.544941 
0.194117 -0.162239 
-0.151879 0.3342 
-0.348868 -1.01078 
0.649462 -0.72513 
-0.160359 -0.15497 
0.924531 0.161412 
-0.10938 -0.0657184 
0.00873341 -0.0793603 
0.483073 0.014357 
0.472486 0.271733 
-0.785856 0.409616 
0.106863 -0.403144 
1.02518 -0.112542 
-0.760729 -0.355188 
0.743639 0.430205 
-0.73187 -0.733872 
0.438585 0.902729 
1.17577 -0.22934 
-0.236265 0.182033 
-0.334424 0.237858 
-0.247339 0.178984 
0.501665 -0.838625 
0.744706 0.511414 
0.881378 0.681863 
-0.567986 0.642727 
-0.0906885 0.938676 
0.0943326 0.0984385 
-0.492972 0.50824 
-0.389567 -1.04572 
0.209501 -0.887963 
0.709234 -0.0657282 
0.269043 0.729931 
-0.874333 0.327856 
0.299521 -1.14545 
-0.351932 -0.05424 
0.736096 0.893203 
0.946675 0.245079 
-0.585991 -0.546209 
0.438117 -1.09217 
-1.05237 0.133149 
-0.0115841 0.703476 
-0.980422 0.383654 
0.481062 -0.985092 
0.378844 -0.171843 
-0.522054 -0.635069 
0.216281 0.808945 
0.44441 0.151503 
0.834401 -0.83816 
0.114149 -0.983978 
-0.238268 -0.0638026 
-0.630856 -0.364045 
1.19986 -0.093684 
0.221827 -0.105667 
-0.902623 0.154068 
-0.042079 -0.39708 
0.928035 0.499252 
0.432114 -0.468322 
0.643096 -0.0684832 
0.88449 -0.0794183 
-0.589354 -0.0250862 
0.637137 -0.643491 
-0.0286787 0.049923 
-0.959057 0.336945 
0.129142 0.297422 
-0.819488 0.607945 
0.852815 0.267814 
0.496955 0.647069 
-0.216447 0.673517 
0.441063 0.283419 
-0.800155 0.263041 
