0.513699 -1.01204 
-0.955932 0.728695 
-0.398712 0.765542 
-0.157126 1.20499 
0.603726 -0.995078 
-0.55292 0.330144 
-0.802553 -0.177891 
-0.216068 -1.36994 
0.426183 -1.01049 
-0.484247 -0.33586 
-0.84331 0.0234885 
0.96034 -0.588357 
-0.962328 0.627735 
-0.127914 -1.10063 
1.22694 -0.227646 
-0.16392 0.548804 
-0.260034 0.259845 
-0.570934 0.195505 
-0.111123 0.833737 
-0.650248 -0.0509687 
0.727132 -0.414931 
-0.463675 0.581655 
-0.103054 0.53292 
-0.653636 -0.489162 
-1.08541 -0.0663792 
-0.786254 0.78257 
-0.506334 0.904854 
-0.19136 -0.65045 
-0.59053 -0.0597383 
-0.760421 0.171 
-0.805691 -0.421745 
-0.174521 -0.466214 
0.370385 0.436743 
-0.0164119 -0.178503 
-0.228804 -0.985654 
0.740905 -0.833398 
0.116939 -1.26591 
0.0142731 0.404558 
0.725359 -0.537828 
-0.392777 -0.0412495 
0.434766 1.10938 
0.329061 0.989088 
-0.483557 1.02418 
0.692997 0.667031 
-0.325213 0.503648 
-0.14117 -0.234533 
0.855175 -0.414252 
-0.482631 0.782671 
-0.31329 -0.0645319 
-1.09743 -0.578917 
0.0472065 1.10095 
-0.0989092 1.06389 
0.198964 1.02205 
1.07737 -0.342515 
1.04356 0.607548 
0.154381 1.00022 
0.716018 0.878605 
-0.127882 0.291374 
-0.477449 0.512244 
-0.557174 -0.364995 
-0.671111 -0.711014 
0.574032 -0.857174 
0.851239 0.0569547 
-0.514462 0.721409 
0.087923 0.772408 
0.914644 0.675998 
1.03832 0.412124 
0.252224 0.636702 
-0.322989 -0.807073 
-0.32154 0.420958 
-0.919681 0.330786 
0.271041 -1.01855 
-0.885604 0.167411 
0.00724067 -0.0213947 
-0.421029 0.953406 
0.0601696 -0.904079 
0.598905 0.866077 
1.13905 0.369039 
-0.643108 0.105781 
0.37541 -0.130526 
0.405625 -0.806017 
-0.123275 -0.992391 
0.366621 -1.06299 
-0.217226 -1.22493 
-0.132183 0.153631 
-0.885131 -0.238659 
0.479489 0.570761 
0.425947 0.566746 
0.69514 0.607525 
-0.621419 0.664753 
-0.286412 1.10435 
-0.633252 0.507063 
-1.1193 -0.43161 
-1.04274 -0.568142 
-0.769121 -0.692575 
-0.340378 -0.20433 
-0.989648 -0.669618 
-0.0617469 -0.33674 
0.172116 0.268336 
-0.105027 -0.652273 
0.0258137 -0.162116 
0.539982 0.602185 
0.0834226 0.169527 
0.35037 -0.299693 
-0.158746 0.820844 
1.03314 0.467615 
1.04586 0.484421 
-0.0639768 0.790226 
0.264435 0.649048 
0.531484 0.115524 
1.15402 -0.550885 
1.2246 -0.291524 
0.406655 0.77053 
0.123237 -0.913297 
-0.274806 0.585229 
-0.823054 0.708299 
-0.159501 -0.37629 
0.899111 0.391747 
0.876638 0.842779 
0.901559 -0.751349 
0.776157 -0.92877 
0.0220777 -0.309601 
-1.05762 0.610115 
-0.204443 0.0522719 
0.480142 0.949539 
-0.846949 0.493275 
-0.206771 -0.631013 
-1.10163 0.317512 
-0.153847 -1.09066 
0.023136 0.769968 
-0.722858 -0.534309 
-0.101241 0.548113 
0.925346 0.176656 
0.422758 0.867139 
0.933126 -0.296788 
-1.01001 -0.537516 
0.534237 -0.586195 
-0.605763 -0.0134467 
-0.285655 -0.829687 
-0.217495 0.583006 
0.381402 1.10093 
-0.27253 0.875615 
-1.17051 -0.435112 
0.271416 0.109823 
-0.451146 -0.0115557 
-0.0456147 0.702086 
1.02957 0.25343 
-0.33411 0.352918 
1.06838 -0.495405 
0.508489 -0.791586 
-1.11007 0.526632 
0.865529 0.569867 
-0.119184 -0.469574 
-0.0185066 0.560645 
0.384477 -0.777861 
0.298294 0.599908 
0.820551 -0.857453 
-0.0499255 0.181612 
1.07691 0.465711 
-0.0148412 -0.662112 
0.730255 -0.493529 
-0.760789 -0.607051 
0.602987 0.324206 
-0.517841 1.0616 
-0.642329 -0.454409 
-0.409415 0.931139 
-1.03656 0.326122 
-0.218538 -0.106837 
0.407778 1.0006 
0.0575555 -0.108782 
-0.0153344 1.05873 
-0.0840286 -1.0061 
-1.00256 -0.332432 
-0.0682397 -0.494679 
-0.215076 -0.767428 
0.664694 -0.758245 
-0.118825 0.145859 
0.33601 0.280737 
-0.0280811 -0.819747 
0.555951 1.02932 
-0.683905 -0.290641 
0.117403 0.111887 
-0.709478 -0.555701 
0.327021 0.740162 
-0.171687 -0.803013 
0.567504 -0.228301 
-0.130429 -0.606097 
1.24852 -0.250479 
-0.25524 -0.73706 
-0.127287 -1.24506 
0.665662 -0.297176 
-1.07847 -0.723268 
0.502724 -0.374375 
-0.0560437 -0.20957 
-0.606755 0.876468 
0.950631 0.754795 
0.262639 -0.842252 
0.56708 0.523739 
-0.329376 0.500936 
0.416185 0.254571 
0.784749 -0.247944 
-0.646181 0.966465 
-0.427927 0.595042 
0.272109 0.705569 
0.26178 -0.939347 
-0.90015 -0.324805 
0.267561 0.514266 
1.13776 -0.295147 
-0.245306 -0.213912 
-0.010652 0.403107 
-1.18152 -0.230162 
0.842143 0.299919 
0.805289 0.0173644 
-0.962014 -0.634679 
0.646358 0.692735 
0.343391 -0.718187 
-0.726336 -0.14252 
0.456569 1.08712 
0.0249829 -0.930512 
-1.03096 0.693781 
-0.53435 1.00096 
0.327438 -1.00997 
1.10846 0.480601 
-0.328199 0.282441 
0.628694 -0.718158 
0.204455 -0.756436 
-0.551728 -0.325061 
-1.16311 0.405809 
0.401526 -0.72993 
0.00632133 -0.390956 
-0.0908816 -0.535509 
0.804191 0.465751 
0.735532 0.727076 
0.420038 -0.536752 
0.94573 0.165351 
-0.318697 0.112382 
0.356871 -0.695107 
0.804661 -0.2814 
-0.811891 -0.340788 
-0.551164 0.132335 
0.649451 -0.473524 
-1.00775 -0.258916 
0.181401 -0.973628 
-0.0767515 0.738828 
0.467038 1.0117 
0.168513 0.532103 
0.470625 0.0210279 
0.531346 0.913762 
0.374806 0.195161 
0.270458 0.134749 
0.341796 0.158552 
0.315089 0.731852 
-0.10315 -0.566931 
0.0751116 -0.52443 
0.00477136 -1.17774 
-0.0509582 -0.0387428 
0.0750102 0.607996 
-1.22569 -0.139285 
0.0868999 -0.826111 
-0.730139 0.091573 
0.127186 0.0586063 
0.83559 -0.712143 
0.309055 -1.16153 
0.371332 0.90804 
-1.03659 0.22175 
0.718305 0.3879 
0.83393 -0.908272 
0.678095 0.543899 
-0.017705 0.144459 
0.0959727 0.362106 
-0.671039 0.167521 
0.921879 0.167326 
0.295312 -0.648732 
0.678826 0.0539014 
0.1154 -0.34722 
-0.254711 0.582789 
-0.449285 -0.676681 
-0.628565 0.713054 
-0.847311 -0.582542 
0.465436 -0.465745 
-0.3252 0.688776 
0.397157 1.05274 
-0.985363 0.442105 
-0.234381 -1.06052 
-0.214113 -1.33938 
-0.500567 0.0761816 
-0.330683 -0.8112 
-0.277947 0.803642 
0.986074 -0.552547 
-0.687918 -0.0478047 
-1.23759 0.30567 
-0.611994 -0.230615 
-0.398104 0.920579 
-1.02657 0.34787 
-0.341021 -0.58082 
-0.957132 0.769114 
-0.837027 -0.694699 
-0.684381 -0.759841 
0.873692 0.634067 
0.673314 -0.279545 
-1.123 0.147643 
0.40896 -0.648279 
-0.622567 -0.524776 
-0.0960391 0.508401 
0.225186 0.289505 
-0.129174 -1.09613 
0.55942 0.701624 
-0.347022 -0.871897 
0.829462 -0.161163 
-0.0772688 -0.0783225 
-0.559843 0.390897 
-0.562135 1.10246 
0.476205 -0.783524 
0.743217 -0.239978 
-0.658641 -0.359202 
0.724929 0.545945 
-0.682665 0.211793 
-0.512355 -0.0668134 
0.420581 -0.708984 
0.897777 -0.45347 
-0.510529 0.396389 
-0.860869 -0.797974 
-0.182332 -0.398882 
0.809311 0.504967 
-0.390389 0.071445 
0.751782 0.049246 
-1.13324 -0.489018 
-0.144047 -0.731929 
0.137294 -0.122855 
-0.442439 0.887816 
0.822392 -0.373998 
0.0653396 0.114481 
-0.099186 -0.470374 
-1.05376 -0.750818 
-0.991066 0.180246 
-0.821869 0.743357 
-0.713349 0.0436082 
0.062958 0.0868754 
0.596669 0.555035 
-0.986044 -0.337646 
0.02031 0.694325 
0.676225 0.282866 
-0.91657 -0.0360031 
-0.932208 -0.175249 
0.138204 0.851214 
0.0998509 0.101608 
0.253169 1.24337 
0.140494 -0.4979 
1.03082 0.270421 
-0.762284 -0.409253 
-0.92022 0.292821 
0.715991 0.270997 
-1.06207 0.0555925 
0.439783 1.10278 
0.408936 0.499087 
0.849793 -0.0235456 
0.103299 0.955382 
-0.971202 0.0395424 
-0.721387 -0.582228 
-0.19135 1.16455 
-1.05013 0.147032 
0.24865 -0.382105 
0.355171 0.290248 
0.206213 -0.0848698 
-1.0649 0.512146 
0.698262 -0.381644 
0.016657 -0.0779131 
0.483334 0.776646 
-0.336126 1.00127 
1.00303 -0.105297 
1.04685 -0.545582 
0.303726 -0.770801 
-0.0246538 -0.749588 
-0.36455 1.1153 
-0.194964 -1.28287 
-1.17269 0.31435 
-0.0940754 -1.28266 
0.843206 0.910365 
-0.572581 0.447723 
0.178818 -1.13292 
0.265489 -0.442991 
-0.0517508 0.699583 
0.169064 0.295511 
0.92163 0.624401 
-0.17964 1.07419 
0.424238 0.622441 
-0.774583 -1.38673 
0.600135 0.275983 
-0.644597 0.810621 
-0.199113 -0.577835 
-0.58709 0.294375 
0.579476 -0.00670335 
-0.244247 0.942183 
0.304009 -0.51077 
-0.0344894 0.0055983 
0.0143035 -0.890273 
0.804471 -0.647586 
0.63881 -0.907711 
0.633353 -1.07064 
-1.14384 -0.465847 
0.183546 -0.494687 
-0.0665941 0.726682 
-1.0578 0.60394 
-0.0251785 -0.248755 
0.276386 0.752158 
-1.13106 0.117079 
-0.0783714 0.324322 
-0.31553 0.824096 
-1.28618 -0.0221495 
0.496969 0.797366 
0.764946 0.841332 
-0.264618 -0.356671 
-0.00437262 0.826531 
-0.0636697 -0.121854 
0.283462 -0.409792 
-0.805135 0.598262 
1.13204 0.495562 
-1.16826 -0.355011 
-0.728166 0.377922 
-1.16331 -0.500615 
0.799339 -0.367734 
-0.971867 0.484203 
0.928982 -0.830352 
-1.24811 -0.213921 
-0.0414757 0.971826 
-0.496136 -0.116623 
-0.504279 -0.263504 
0.822031 0.0871013 
0.304394 -0.0579503 
0.00581894 -0.400942 
0.130882 0.573136 
0.59597 0.92489 
-0.280269 0.744672 
0.971859 0.144997 
0.32726 -1.10115 
0.713819 0.326799 
0.297816 -0.0455846 
0.493512 -0.347968 
-0.643004 -0.399287 
-0.218812 0.183647 
0.313243 0.314879 
-0.544985 0.921397 
0.773025 -0.748237 
-0.777548 0.977236 
-0.0160464 1.05303 
0.658625 -0.314317 
0.678254 0.964707 
0.603453 0.817623 
1.01396 0.337801 
0.753873 0.132524 
0.717433 -0.0750329 
0.670516 -0.901277 
-0.457689 -0.0164846 
0.983774 0.147384 
-0.858075 -0.173531 
0.367978 0.660239 
0.248857 -0.613179 
0.250152 -0.904209 
0.812133 -0.227759 
0.0598097 0.359214 
0.290133 -0.874138 
-0.502365 0.975758 
0.7788 0.681891 
-0.208378 0.3809 
0.0273397 -0.355688 
0.164526 -0.325245 
0.565539 -1.13928 
0.812284 0.23306 
-0.380728 0.867849 
-0.990641 0.354779 
-1.14435 0.0446112 
-0.527657 -0.249413 
-0.54256 0.3141 
0.416002 -0.123267 
-0.0137595 0.744949 
0.957702 0.515413 
0.298138 0.389214 
-0.0699937 1.13149 
0.366511 0.573225 
-0.84561 0.651309 
-0.406211 0.737711 
0.435017 -0.557208 
-0.413793 0.273364 
-0.438857 0.140394 
-0.645273 -0.702404 
-0.147211 -0.93558 
-0.699414 0.0280332 
0.890263 0.304753 
-1.03419 0.355087 
-0.873223 0.466249 
0.0972002 0.289498 
-1.03885 -0.015924 
0.0313667 1.20139 
-0.85624 -0.649452 
-1.24125 0.111906 
-0.0976103 -0.751257 
0.343555 0.564223 
-0.206446 -0.0793833 
-0.404071 0.403296 
1.03037 0.589017 
0.266853 -0.781013 
-0.133949 -0.904889 
0.930181 -0.390296 
1.11198 0.324964 
-0.820171 0.195029 
-0.567556 0.318441 
0.108282 -0.45993 
-0.217337 -0.0415437 
-0.235109 -0.652067 
-0.895276 0.881102 
0.461355 -0.495161 
0.673844 -1.0704 
-0.0206915 0.925819 
0.394137 0.232913 
0.69683 -0.955728 
0.00772105 -0.8635 
0.492978 0.393758 
0.999595 0.339969 
0.0454415 -1.02332 
0.420334 0.172872 
0.160748 0.759184 
0.311598 1.02325 
-0.864651 0.0326801 
-1.11615 -0.423776 
-0.748261 -0.518054 
0.99791 0.0825616 
0.0771551 -0.234161 
-0.398512 -0.327098 
0.125886 0.0536589 
1.05764 -0.33784 
-0.736828 -0.701771 
0.238173 0.304586 
-1.02554 -0.127159 
-1.01533 0.592429 
-0.97135 0.465709 
-0.133695 -0.109274 
0.899928 -0.625215 
-0.313018 0.195298 
0.334551 -0.0185294 
-0.588287 0.107423 
-1.26266 0.150137 
-1.00092 -0.86805 
-0.134664 -1.29706 
0.46528 -0.738676 
-0.233995 -0.286127 
-0.182735 -0.0291783 
-0.181027 -0.944383 
-0.505662 0.753176 
0.679612 -0.35223 
-0.106315 0.0820039 
0.291032 -0.250548 
-0.156199 -1.0853 
-0.630592 -0.745795 
-0.760347 -0.385174 
-0.3397 0.696737 
0.606737 -0.0314431 
-0.0742143 -0.2321 
0.54207 0.0986154 
0.405073 -1.22639 
1.09854 -0.425423 
0.24063 0.190994 
0.0926997 -0.0069006 
0.834205 0.806667 
0.56888 -0.171804 
0.740195 0.350311 
0.276566 -1.2168 
-0.663106 -0.317249 
-0.0227977 0.845343 
-0.696695 0.663171 
-0.287699 0.438651 
0.449439 0.0603351 
-0.489174 0.12018 
0.440851 0.37166 
-0.571004 -0.211988 
0.80896 -0.243724 
-0.633553 0.843426 
0.507292 0.223485 
-0.942638 -0.159355 
-0.0468849 -0.3208 
0.0868016 -1.07506 
0.939189 0.1938 
0.918332 0.571515 
-1.12056 0.515467 
-0.72476 0.0159049 
-0.480239 -0.783103 
0.996066 -0.642727 
0.763907 0.117184 
0.378117 -0.330802 
-0.665323 -0.102837 
0.363901 0.141172 
-0.676677 0.655963 
0.629525 0.479116 
0.857706 0.543116 
0.0547586 0.398856 
0.237716 0.788645 
1.01016 -0.545968 
-0.502376 0.342379 
0.590831 -0.773521 
-1.03615 0.451572 
0.304752 0.111357 
0.354889 -0.692236 
0.983516 0.0295654 
-0.0509782 -0.732571 
-0.349324 1.05522 
0.014688 -1.08254 
-0.667044 -0.116852 
0.103773 -1.21751 
0.152876 -0.155709 
0.705398 -0.994095 
-0.0630249 0.24591 
1.1679 0.410682 
-0.0546913 -0.286593 
-0.255389 -0.219964 
-0.00354672 0.477635 
-0.842285 0.69905 
-0.439675 0.744448 
-0.408475 0.780705 
0.556418 -0.513664 
0.285657 -0.238358 
0.62968 -0.647219 
0.578656 0.238589 
0.754833 0.0391563 
-0.997755 -0.757341 
-0.853037 0.503416 
-0.228315 -0.290263 
-0.155934 -0.738857 
0.209516 0.673394 
0.447948 -1.1044 
-0.0653219 0.656116 
-0.870671 0.413203 
-0.569588 0.632748 
0.130267 -0.328354 
0.563705 0.299486 
-0.112874 0.282458 
-0.659726 0.997147 
0.707317 -0.477195 
-0.87852 -0.695649 
0.205145 0.247452 
0.172326 -0.0943723 
-0.336265 0.298037 
0.161087 0.359047 
-0.610486 -0.654695 
-0.144993 -0.712761 
-0.0545795 -0.901082 
0.105081 0.814406 
-0.0434276 -0.51164 
-1.03271 -0.669879 
-0.623772 -0.114785 
0.524152 0.548759 
-1.06489 0.148564 
-0.498649 -0.53386 
0.997695 0.299621 
1.08176 -0.559629 
-0.17793 -1.12219 
0.888249 0.661157 
1.11912 -0.666568 
0.962338 -0.505141 
0.815292 0.258812 
0.796562 -0.358976 
0.718283 0.767856 
-0.286678 -0.236751 
-0.257585 0.564366 
0.670972 0.0476521 
-0.184293 -0.983382 
-0.890499 0.690192 
-0.664243 0.416964 
0.488092 0.710121 
-0.818892 0.344669 
1.2136 -0.280734 
-0.291624 -0.171721 
-0.721853 0.803611 
0.383264 0.223147 
0.505587 0.493324 
0.464463 0.127299 
1.11179 -0.262299 
0.269201 0.0544353 
0.748435 -0.930725 
-0.694976 0.334007 
-1.05718 -0.311955 
-0.123324 -0.434513 
0.704646 -0.90882 
0.930868 0.756945 
0.505386 -0.644403 
-1.01755 0.416293 
0.487269 0.899329 
0.44286 -0.708624 
0.105256 -0.637252 
0.647033 -0.20757 
0.0588524 -0.170152 
0.250251 0.675813 
-0.0813121 -0.0136352 
-0.247939 -1.04983 
-0.112783 -1.31579 
0.613958 -1.00897 
-0.585847 0.748908 
-0.906291 0.127032 
0.0534635 0.806814 
0.373366 0.270635 
-0.721152 0.141019 
0.761582 0.328237 
-0.242668 0.0322443 
-0.211857 0.39505 
0.317459 -0.951741 
-0.741488 0.919475 
0.120981 -1.06045 
-0.486635 0.0156946 
0.628527 -0.297565 
0.348938 0.977578 
0.374197 1.05608 
-0.16605 -0.434778 
-0.592229 0.0373805 
-0.787579 0.00552694 
0.552323 0.578546 
-0.640662 0.245987 
0.585758 0.326237 
0.359723 0.251746 
0.755399 0.0706604 
0.725268 -0.406303 
0.0649479 -0.0601524 
-0.0379298 -0.252211 
-0.666353 -0.27795 
-0.73065 -0.0235939 
1.02705 0.354842 
0.601844 -0.795981 
-0.43876 0.0202874 
-1.05788 0.028994 
-0.884915 0.231005 
-0.256895 -0.691086 
0.608397 -0.962939 
-0.482139 -0.300048 
0.698023 0.137387 
0.526174 0.649834 
0.487237 -0.643593 
-0.896069 0.672531 
-0.665789 -0.0154314 
-0.93975 0.262758 
-0.0552859 -1.0069 
-0.424848 -0.135765 
0.854632 -0.816786 
0.490072 0.66055 
-0.530022 0.112833 
-0.245926 -0.42279 
-0.318473 0.951816 
0.951295 -0.814922 
-0.277739 -0.960027 
0.0841623 -0.959557 
-0.622531 0.0564854 
-0.823378 0.248458 
0.77095 0.810807 
-0.0828862 0.449102 
0.0363135 -0.453341 
0.092269 1.00674 
0.0969036 0.460616 
0.886345 -0.306458 
-0.834727 -0.317174 
0.246534 -0.627459 
0.0174096 -0.611547 
-0.0150879 -0.463025 
0.208775 -1.26908 
0.620995 0.110875 
1.01327 0.365078 
-0.998691 -0.560364 
0.488464 -0.179807 
-0.0441408 -0.451969 
0.959021 0.312556 
0.0127523 1.1429 
-0.97644 -0.208699 
-0.205145 -0.0770557 
-0.95719 0.628394 
-0.0505643 0.20395 
0.025256 0.909482 
0.591589 -0.667531 
0.204333 -0.331462 
-1.02537 -0.764474 
1.05911 -0.399721 
-0.284319 -0.971867 
-0.803904 -0.201598 
0.489682 -0.321993 
0.209472 0.713054 
1.12503 0.497594 
0.771506 0.866945 
-0.0470827 0.664669 
-1.17759 -0.063574 
-0.600395 -0.484845 
0.209043 -1.2122 
0.210328 -0.929574 
0.296665 0.761681 
0.40994 -0.810132 
0.388276 0.63656 
0.14858 -0.480158 
-0.890633 -0.00976792 
0.723945 -0.0729681 
0.439449 -0.950708 
0.384145 -1.05782 
0.665255 0.323691 
0.303408 0.63044 
-0.923682 0.375724 
-0.340185 -0.386 
-0.0306406 -0.422605 
0.0165102 0.18408 
-0.74478 -0.441077 
-0.82021 0.196711 
-0.1516 -0.330452 
0.142061 0.341745 
-0.587147 -0.492888 
0.838654 0.147087 
-0.0455353 -0.0610171 
-0.300409 0.203004 
-0.493965 0.292665 
-0.406739 0.278763 
0.151613 0.589454 
0.212318 -0.146249 
0.566671 -0.315851 
0.735596 0.588178 
0.497254 -0.120035 
0.165106 -0.45733 
-0.374109 -0.133925 
0.528593 0.326915 
0.549091 -0.676055 
0.0455277 0.95986 
0.947452 0.792693 
-1.12864 -0.213456 
0.345624 -0.635565 
0.817996 -0.836431 
0.692266 -0.0357425 
0.139163 0.0870558 
0.524504 -1.04599 
-0.306661 0.371 
0.229454 -1.24721 
0.955095 -0.535768 
0.256963 -0.16876 
-0.977225 -0.500005 
-1.20042 0.156998 
-0.132329 0.836475 
0.131201 0.979205 
-0.50258 0.73726 
-1.07796 0.0903636 
-0.639216 0.947195 
0.727606 0.111107 
-0.386838 0.594778 
0.442197 -1.08721 
-0.414822 0.212234 
0.21016 0.989406 
0.318924 0.1553 
-1.15058 0.29266 
-0.684933 0.0166752 
-0.916766 -0.197638 
-0.274264 -0.585647 
-0.0596912 0.406015 
0.82971 -0.572301 
-0.691489 -0.109821 
1.10107 0.497191 
-0.904555 0.784675 
-0.353562 -0.529351 
-0.899995 0.280707 
0.302868 0.392309 
0.683572 0.343509 
0.597301 0.280321 
-0.117927 -0.423005 
-0.495446 0.750126 
-1.02181 0.153492 
-0.894995 -0.82718 
-0.818921 -0.455335 
-0.117341 -0.0802126 
-1.19713 -0.463993 
-0.745679 0.843406 
0.48436 0.250131 
-0.798521 -0.786773 
-0.731369 -0.0502978 
0.663912 0.964215 
-0.148974 -0.303931 
-0.347553 0.882116 
-0.17917 -1.24873 
-0.255495 -0.996329 
-0.513219 0.234908 
0.242168 -0.491798 
-1.2301 -0.355422 
-0.114582 0.405119 
0.727061 0.115055 
-0.704348 0.508071 
0.109263 -0.315249 
0.825184 0.689968 
0.987423 0.654868 
0.61892 0.700008 
-0.117848 -0.0950103 
0.247803 0.522882 
0.619722 0.179882 
0.606951 -1.0746 
0.0959708 -0.915414 
-1.21354 -0.430644 
-0.124577 0.132176 
0.874774 -0.74769 
-0.863992 0.0337535 
-1.10185 -0.670997 
0.544658 0.0346307 
0.31566 -0.190879 
-0.0469208 0.163975 
0.182498 0.673271 
0.0425348 0.745508 
-0.0387928 -0.785671 
-0.600063 0.920944 
0.542145 0.30223 
-0.643722 0.0238773 
-0.288811 0.603034 
-0.367144 0.149739 
0.637984 -1.08908 
0.556147 -0.402144 
-0.636661 0.525876 
0.918565 0.440758 
-1.1786 -0.481195 
-0.0521003 -0.235025 
0.499729 0.92751 
-0.378144 -0.490089 
0.99319 0.195991 
0.641527 -1.0125 
-0.172973 0.17353 
0.789329 -0.686083 
0.151474 -0.216078 
-0.53495 0.654862 
-0.532216 0.47558 
1.12008 0.412436 
-0.197714 0.639101 
0.817041 -0.610858 
0.203179 -0.17931 
-0.153975 0.336772 
-0.202091 -1.16142 
0.668128 -0.773255 
-0.165978 -0.174441 
0.974706 0.245673 
-0.111277 -0.0821945 
0.00965015 -0.0968904 
0.52753 0.0140128 
0.496411 0.283035 
-0.807409 0.432648 
0.106601 -0.428823 
1.09982 -0.271608 
-0.820344 -0.32517 
0.754961 0.478942 
-0.889556 -0.668271 
0.437399 0.93893 
1.2126 -0.424898 
-0.240092 0.181372 
-0.341905 0.241717 
-0.251715 0.178331 
0.524748 -0.877157 
0.749942 0.564655 
0.875834 0.750189 
-0.587813 0.661585 
-0.104659 0.963803 
0.103061 0.0901243 
-0.508149 0.524447 
-0.20169 -1.2149 
0.255424 -0.921478 
0.786893 -0.0603341 
0.265279 0.756716 
-0.898322 0.354731 
0.35808 -1.17706 
-0.364697 -0.0607971 
0.731371 0.944128 
0.97947 0.334342 
-0.677904 -0.540901 
0.473684 -1.1246 
-1.0829 0.171437 
-0.0197222 0.725239 
-1.00507 0.413375 
0.510994 -1.02259 
0.406368 -0.183729 
-0.639977 -0.645037 
0.209835 0.838185 
0.475887 0.156946 
0.84557 -0.902786 
0.174957 -1.02117 
-0.245938 -0.0778476 
-0.686495 -0.352208 
1.26572 -0.341344 
0.234183 -0.118609 
-0.930162 0.183449 
-0.0501102 -0.429335 
0.927737 0.579811 
0.456196 -0.491758 
0.709135 -0.068631 
0.988495 -0.00275796 
-0.614153 -0.015964 
0.658571 -0.689918 
-0.0250314 0.0417119 
-0.983255 0.366765 
0.138029 0.296908 
-0.84317 0.633899 
0.882473 0.332114 
0.498493 0.680685 
-0.228994 0.692334 
0.463337 0.293485 
-0.822957 0.287443 
