0.492499 -0.984222 
-0.941086 0.710142 
-0.384331 0.753753 
-0.131492 1.1892 
0.588656 -0.961742 
-0.545791 0.321365 
-0.768602 -0.203504 
-0.548557 -1.10411 
0.397809 -0.985678 
-0.454246 -0.320226 
-0.823534 -0.000218919 
0.952283 -0.504826 
-0.948388 0.606643 
-0.24839 -1.00982 
1.12374 0.0295169 
-0.159195 0.54199 
-0.259115 0.259271 
-0.562026 0.187359 
-0.0993891 0.819914 
-0.630794 -0.0616969 
0.700871 -0.380622 
-0.453604 0.570849 
-0.0997847 0.526412 
-0.584813 -0.496309 
-1.05428 -0.111453 
-0.769744 0.767094 
-0.487406 0.892521 
-0.183678 -0.596507 
-0.572275 -0.0665145 
-0.746723 0.1534 
-0.743156 -0.45698 
-0.1612 -0.430572 
0.362622 0.425791 
-0.0149263 -0.162247 
-0.303648 -0.868335 
0.733914 -0.786086 
-0.0102117 -1.23883 
0.0119306 0.402564 
0.706833 -0.49796 
-0.383311 -0.036857 
0.445712 1.08115 
0.337079 0.964553 
-0.459852 1.01214 
0.699918 0.624984 
-0.318695 0.496707 
-0.134398 -0.215567 
0.827306 -0.355551 
-0.467288 0.77068 
-0.306097 -0.0557639 
-0.983174 -0.681954 
0.0724505 1.07896 
-0.0819829 1.04677 
0.212297 0.999248 
1.03325 -0.197402 
1.05882 0.513458 
0.172867 0.977156 
0.729069 0.834767 
-0.128737 0.293245 
-0.469298 0.50276 
-0.5167 -0.358158 
-0.527017 -0.714573 
0.561354 -0.824799 
0.788602 0.0237283 
-0.500565 0.709844 
0.0964559 0.756383 
0.928564 0.608113 
1.03017 0.309608 
0.25562 0.620708 
-0.329239 -0.704957 
-0.317644 0.415994 
-0.905367 0.307715 
0.224743 -0.997529 
-0.869204 0.143075 
0.00396788 -0.00960782 
-0.399502 0.940995 
0.0132202 -0.870225 
0.609465 0.830732 
1.12427 0.227744 
-0.630827 0.0944871 
0.354072 -0.122319 
0.38441 -0.785615 
-0.201787 -0.911763 
0.331691 -1.03997 
-0.439655 -1.039 
-0.132967 0.159508 
-0.841766 -0.274649 
0.478914 0.547697 
0.425373 0.546635 
0.698499 0.565849 
-0.607777 0.652187 
-0.263281 1.0886 
-0.623572 0.495464 
-1.02505 -0.515884 
-0.928577 -0.662596 
-0.624555 -0.725137 
-0.326241 -0.189288 
-0.842813 -0.761047 
-0.0547203 -0.309911 
0.162673 0.271092 
-0.10182 -0.608722 
0.025835 -0.145143 
0.541565 0.574655 
0.075497 0.174438 
0.334235 -0.285516 
-0.145778 0.807486 
1.03165 0.369555 
1.04619 0.383709 
-0.053783 0.776583 
0.268118 0.63236 
0.498768 0.109926 
1.14756 -0.402541 
1.15227 -0.0549475 
0.41336 0.746348 
0.0786732 -0.884155 
-0.267383 0.576696 
-0.807648 0.6912 
-0.15022 -0.348859 
0.888085 0.324574 
0.893435 0.783192 
0.899553 -0.681832 
0.771553 -0.88213 
0.0245709 -0.286383 
-1.04445 0.587037 
-0.202393 0.0598695 
0.489919 0.920379 
-0.834578 0.473828 
-0.1966 -0.577516 
-1.0858 0.286341 
-0.269293 -0.989634 
0.0323485 0.754872 
-0.639021 -0.556227 
-0.0974973 0.541125 
0.877669 0.111659 
0.429798 0.841315 
0.885423 -0.218541 
-0.90163 -0.623415 
0.514606 -0.562629 
-0.589373 -0.0217063 
-0.307744 -0.723631 
-0.211267 0.574716 
0.387416 1.07647 
-0.254538 0.861182 
-1.07789 -0.525339 
0.256144 0.113683 
-0.439418 -0.0106577 
-0.0376904 0.689666 
0.989228 0.157514 
-0.330629 0.349487 
1.05003 -0.369253 
0.493818 -0.76452 
-1.09751 0.499533 
0.871394 0.506082 
-0.109193 -0.436723 
-0.0164797 0.55227 
0.363778 -0.758114 
0.300038 0.58311 
0.816027 -0.803264 
-0.0537329 0.187458 
1.07635 0.3551 
-0.016661 -0.627928 
0.709636 -0.454708 
-0.648289 -0.639207 
0.585402 0.305384 
-0.493026 1.04957 
-0.581165 -0.460315 
-0.388641 0.918489 
-1.02201 0.297893 
-0.213462 -0.0923023 
0.416347 0.97388 
0.0551216 -0.0935741 
0.00461053 1.04 
-0.165461 -0.937872 
-0.94106 -0.388718 
-0.0611785 -0.462728 
-0.221227 -0.694098 
0.653549 -0.719136 
-0.120054 0.152408 
0.321718 0.278389 
-0.0561783 -0.776315 
0.569793 0.996976 
-0.64504 -0.305673 
0.10856 0.119122 
-0.619735 -0.574022 
0.332941 0.719915 
-0.187813 -0.732829 
0.529939 -0.218456 
-0.12279 -0.563491 
1.16036 0.027246 
-0.249566 -0.663798 
-0.333582 -1.12896 
0.627477 -0.276985 
-0.911763 -0.8379 
0.477763 -0.360241 
-0.0525022 -0.192877 
-0.589613 0.863955 
0.967144 0.685234 
0.232012 -0.819265 
0.564254 0.497253 
-0.32292 0.494 
0.397844 0.250199 
0.73691 -0.217254 
-0.628102 0.953302 
-0.417951 0.584664 
0.27758 0.687717 
0.219969 -0.917353 
-0.846044 -0.363619 
0.265888 0.502571 
1.07916 -0.118879 
-0.236987 -0.196246 
-0.0124762 0.401232 
-1.13139 -0.308408 
0.817247 0.250435 
0.744371 -0.00272502 
-0.827639 -0.717853 
0.653511 0.654777 
0.324332 -0.698363 
-0.699246 -0.158153 
0.469087 1.0582 
-0.0299248 -0.891162 
-1.01772 0.674506 
-0.512761 0.989201 
0.290896 -0.987253 
1.10971 0.363378 
-0.325373 0.28044 
0.61493 -0.683472 
0.180352 -0.732722 
-0.516953 -0.319691 
-1.14935 0.376346 
0.382447 -0.709554 
0.0115736 -0.365743 
-0.082446 -0.500127 
0.800235 0.41377 
0.746545 0.679751 
0.40326 -0.518225 
0.894377 0.0954982 
-0.314883 0.115488 
0.338008 -0.675057 
0.759668 -0.242479 
-0.761034 -0.373732 
-0.541653 0.125629 
0.627731 -0.446113 
-0.9588 -0.308716 
0.131811 -0.948858 
-0.0674852 0.726111 
0.47854 0.982715 
0.168251 0.523018 
0.439836 0.0234732 
0.541039 0.88283 
0.355223 0.194775 
0.255043 0.137566 
0.322204 0.159905 
0.320908 0.712075 
-0.0944727 -0.529015 
0.0750482 -0.499228 
-0.141248 -1.14043 
-0.0517226 -0.0257463 
0.0793803 0.596168 
-1.18255 -0.203911 
0.0555836 -0.796056 
-0.715412 0.075575 
0.118048 0.0686164 
0.829012 -0.650964 
0.253317 -1.13808 
0.375664 0.884207 
-1.0202 0.190819 
0.705516 0.352361 
0.831257 -0.854595 
0.677458 0.505976 
-0.0220277 0.152289 
0.0905862 0.361266 
-0.659609 0.154859 
0.873497 0.104308 
0.278758 -0.628792 
0.632187 0.0459792 
0.115664 -0.327188 
-0.247783 0.574302 
-0.398181 -0.604735 
-0.614433 0.70003 
-0.735163 -0.63928 
0.446453 -0.448851 
-0.313855 0.678008 
0.40654 1.0262 
-0.971458 0.418716 
-0.336305 -0.926245 
-0.520019 -1.09756 
-0.490291 0.0728348 
-0.337094 -0.705613 
-0.263022 0.79026 
0.975662 -0.458953 
-0.667854 -0.0609922 
-1.2229 0.269012 
-0.583216 -0.236565 
-0.377682 0.907741 
-1.01226 0.320043 
-0.31511 -0.522462 
-0.940717 0.751614 
-0.686167 -0.749392 
-0.508166 -0.772811 
0.883267 0.57042 
0.632952 -0.260347 
-1.10318 0.109777 
0.391187 -0.628113 
-0.548527 -0.522592 
-0.0934948 0.503249 
0.213441 0.290225 
-0.247597 -1.00519 
0.565283 0.670913 
-0.368533 -0.737191 
0.763158 -0.146361 
-0.0770129 -0.0634075 
-0.552043 0.381495 
-0.535226 1.0921 
0.459457 -0.759408 
0.697046 -0.217644 
-0.612666 -0.36992 
0.725743 0.502452 
-0.671644 0.198666 
-0.495437 -0.0676198 
0.402221 -0.688167 
0.875352 -0.380741 
-0.50403 0.387613 
-0.663392 -0.85705 
-0.170798 -0.369958 
0.808295 0.450925 
-0.383627 0.0729327 
0.699216 0.0350777 
-1.02962 -0.580588 
-0.14857 -0.676759 
0.131961 -0.108985 
-0.423576 0.875595 
0.790205 -0.326545 
0.0591755 0.12259 
-0.090283 -0.43854 
-0.869107 -0.868177 
-0.973859 0.151909 
-0.805911 0.726664 
-0.697456 0.0288901 
0.0574832 0.0958052 
0.595595 0.524569 
-0.924672 -0.391753 
0.027333 0.680875 
0.65265 0.260854 
-0.889843 -0.0684122 
-0.894698 -0.212968 
0.148725 0.831237 
0.0920045 0.10944 
0.267092 1.20333 
0.137615 -0.475673 
0.993748 0.173523 
-0.703684 -0.437841 
-0.905757 0.268942 
0.690422 0.245419 
-1.03787 0.0184659 
0.451392 1.07427 
0.405241 0.482748 
0.778049 -0.0433893 
0.118894 0.93477 
-0.947916 0.00793939 
-0.621533 -0.603446 
-0.166709 1.14836 
-1.03072 0.113437 
0.241829 -0.36541 
0.340627 0.287209 
0.197137 -0.0748077 
-1.05219 0.486795 
0.668914 -0.352906 
0.0146798 -0.0634708 
0.490354 0.748873 
-0.310465 0.986898 
0.90436 -0.0842249 
1.03641 -0.430991 
0.282157 -0.750702 
-0.0375712 -0.709316 
-0.336378 1.10117 
-0.429889 -1.11754 
-1.15657 0.280362 
-0.32015 -1.17952 
0.862252 0.856758 
-0.564018 0.437787 
0.106665 -1.10509 
0.256919 -0.425474 
-0.0437955 0.687353 
0.160303 0.297036 
0.93372 0.553678 
-0.157881 1.05876 
0.42602 0.600251 
-0.63785 -1.05126 
0.578117 0.261123 
-0.629306 0.797698 
-0.186659 -0.533431 
-0.579026 0.284938 
0.535104 -0.00676529 
-0.223764 0.927379 
0.291827 -0.492737 
-0.0370443 0.0162058 
-0.0321266 -0.851255 
0.79544 -0.590123 
0.629448 -0.872547 
0.618484 -1.03755 
-1.04408 -0.555947 
0.178348 -0.473688 
-0.0577386 0.713966 
-1.04429 0.580467 
-0.0219241 -0.228927 
0.283312 0.733 
-1.1092 0.077278 
-0.0807866 0.325308 
-0.29901 0.8108 
-1.25557 -0.0834591 
0.504448 0.768757 
0.779213 0.792918 
-0.249899 -0.330185 
0.00621999 0.811095 
-0.0633416 -0.104945 
0.273984 -0.393173 
-0.791305 0.580034 
1.13516 0.373114 
-1.09383 -0.440558 
-0.7172 0.363441 
-1.05871 -0.597661 
0.766684 -0.325604 
-0.958289 0.461876 
0.927901 -0.763855 
-1.19906 -0.2894 
-0.027378 0.954835 
-0.478075 -0.115151 
-0.478965 -0.257166 
0.765718 0.0579729 
0.287887 -0.0497684 
0.0109538 -0.375668 
0.133542 0.562148 
0.607998 0.889665 
-0.267489 0.732698 
0.91441 0.069948 
0.283908 -1.07935 
0.694438 0.295912 
0.281752 -0.0376435 
0.467646 -0.335139 
-0.591451 -0.406601 
-0.217978 0.186458 
0.300764 0.312779 
-0.526106 0.909206 
0.764356 -0.695022 
-0.761793 0.960823 
0.00325202 1.03435 
0.622638 -0.293372 
0.69177 0.924478 
0.613126 0.782449 
0.991221 0.243247 
0.709415 0.109722 
0.658759 -0.0744328 
0.661756 -0.864587 
-0.445373 -0.0158125 
0.924305 0.0689165 
-0.822482 -0.204715 
0.371386 0.639596 
0.235204 -0.592845 
0.210615 -0.880256 
0.758652 -0.196898 
0.0558489 0.359432 
0.257947 -0.852131 
-0.481136 0.963747 
0.789507 0.63004 
-0.207018 0.378456 
0.0314766 -0.331357 
0.162108 -0.307271 
0.544184 -1.1103 
0.780251 0.194315 
-0.362413 0.854687 
-0.976944 0.329209 
-1.11829 0.00053205 
-0.501781 -0.246304 
-0.535852 0.305878 
0.390895 -0.117 
-0.00513265 0.730709 
0.961486 0.43407 
0.289345 0.383647 
-0.046642 1.11362 
0.366917 0.555274 
-0.831185 0.632569 
-0.39246 0.72666 
0.41741 -0.537844 
-0.408719 0.269483 
-0.431839 0.138048 
-0.510985 -0.698945 
-0.206451 -0.855617 
-0.683098 0.0140443 
0.864893 0.243614 
-1.01989 0.327373 
-0.859766 0.446023 
0.0913335 0.292166 
-1.01056 -0.0548318 
0.0673829 1.17633 
-0.719818 -0.710666 
-1.21919 0.0611646 
-0.107521 -0.700833 
0.343865 0.547447 
-0.202416 -0.06576 
-0.398684 0.397116 
1.04278 0.49593 
0.243612 -0.758985 
-0.182832 -0.833369 
0.90102 -0.306225 
1.08625 0.191866 
-0.805826 0.174364 
-0.560054 0.309342 
0.108464 -0.437767 
-0.213768 -0.0300949 
-0.222155 -0.591275 
-0.878446 0.862961 
0.443017 -0.477255 
0.661602 -1.03547 
-0.0074228 0.909067 
0.375633 0.230429 
0.690251 -0.917226 
-0.0324803 -0.824656 
0.480634 0.379439 
0.977603 0.24936 
-0.030402 -0.983596 
0.398199 0.171411 
0.16876 0.742069 
0.319184 1.00058 
-0.84452 0.00772406 
-1.0239 -0.507204 
-0.667431 -0.546071 
0.929029 0.00725738 
0.0764009 -0.216082 
-0.376213 -0.306913 
0.116917 0.0640379 
1.01117 -0.200681 
-0.590953 -0.723639 
0.226599 0.304506 
-0.990748 -0.170477 
-1.00125 0.569828 
-0.957561 0.44328 
-0.131652 -0.0934931 
0.896203 -0.551923 
-0.30984 0.195632 
0.314206 -0.0125539 
-0.577108 0.0988967 
-1.24316 0.102204 
-0.752305 -0.991605 
-0.385353 -1.16539 
0.44771 -0.715797 
-0.223623 -0.263785 
-0.180955 -0.0183821 
-0.24289 -0.852798 
-0.490779 0.741207 
0.64715 -0.327028 
-0.107552 0.090298 
0.279065 -0.236284 
-0.269316 -0.983814 
-0.473106 -0.739052 
-0.705452 -0.413102 
-0.327866 0.685797 
0.559531 -0.0308548 
-0.0691917 -0.213612 
0.507049 0.0932946 
0.358359 -1.20649 
1.07298 -0.282562 
0.2265 0.194086 
0.0871101 0.00394149 
0.850052 0.750343 
0.52702 -0.166372 
0.72311 0.313668 
0.210718 -1.19175 
-0.622548 -0.329112 
-0.0115602 0.829775 
-0.682601 0.648703 
-0.284044 0.433129 
0.421695 0.0617991 
-0.480686 0.116442 
0.428702 0.361486 
-0.545847 -0.214586 
0.758039 -0.209497 
-0.617485 0.8306 
0.484245 0.216383 
-0.906249 -0.197009 
-0.0405508 -0.295058 
0.0042755 -1.04181 
0.892135 0.123173 
0.926312 0.498697 
-1.10803 0.487968 
-0.707364 0.000231283 
-0.414556 -0.655985 
0.993054 -0.553593 
0.716738 0.0948571 
0.360482 -0.316594 
-0.642748 -0.113975 
0.342401 0.142604 
-0.662819 0.64226 
0.62404 0.450141 
0.861174 0.480071 
0.0512124 0.396794 
0.245817 0.769847 
0.999882 -0.443814 
-0.496541 0.334635 
0.577488 -0.741964 
-1.02256 0.426341 
0.286127 0.114385 
0.336094 -0.672169 
0.902516 -0.0377566 
-0.0599326 -0.690128 
-0.319355 1.04103 
-0.084174 -1.03629 
-0.643556 -0.127706 
-0.00549424 -1.18218 
0.14729 -0.140927 
0.698664 -0.955787 
-0.0666483 0.248994 
1.16016 0.262919 
-0.0489995 -0.263349 
-0.246388 -0.202105 
-0.00428617 0.472169 
-0.827133 0.681295 
-0.425717 0.733481 
-0.393674 0.768787 
0.536594 -0.490703 
0.273877 -0.224322 
0.61416 -0.613288 
0.554327 0.227253 
0.701023 0.0248869 
-0.811804 -0.860395 
-0.840937 0.483888 
-0.218051 -0.267657 
-0.160814 -0.680942 
0.21496 0.657361 
0.418696 -1.08163 
-0.0584711 0.645707 
-0.857499 0.391528 
-0.557299 0.621238 
0.129639 -0.309313 
0.545025 0.285737 
-0.114382 0.284593 
-0.641559 0.984116 
0.68558 -0.442783 
-0.724431 -0.763928 
0.193815 0.249963 
0.16492 -0.0828848 
-0.333221 0.295637 
0.153145 0.356622 
-0.505727 -0.642479 
-0.146687 -0.659553 
-0.103128 -0.848472 
0.114975 0.796219 
-0.0378993 -0.48017 
-0.885632 -0.768791 
-0.601516 -0.122708 
0.522729 0.524003 
-1.04537 0.114182 
-0.444595 -0.501728 
0.967301 0.211198 
1.0723 -0.436038 
-0.305927 -1.00589 
0.900056 0.596049 
1.12271 -0.549882 
0.947075 -0.41432 
0.785843 0.217687 
0.762821 -0.31792 
0.729288 0.722359 
-0.274536 -0.218506 
-0.251042 0.556565 
0.62419 0.0403887 
-0.259442 -0.882301 
-0.876046 0.67153 
-0.654542 0.405733 
0.493249 0.683484 
-0.806164 0.324444 
1.13734 -0.0476761 
-0.282117 -0.157726 
-0.706742 0.789359 
0.36477 0.221488 
0.501137 0.472814 
0.438213 0.125445 
1.04355 -0.0956383 
0.253881 0.0606306 
0.743467 -0.887075 
-0.685035 0.320183 
-0.997409 -0.375381 
-0.113883 -0.404258 
0.697705 -0.868685 
0.946731 0.689663 
0.487325 -0.621253 
-1.00402 0.391133 
0.496078 0.870263 
0.424602 -0.687244 
0.0976929 -0.610854 
0.601307 -0.198405 
0.057836 -0.153057 
0.25519 0.659139 
-0.0812547 -0.00203028 
-0.349222 -0.910837 
-0.3693 -1.19159 
0.599102 -0.975237 
-0.571021 0.736345 
-0.887674 0.101492 
0.0636547 0.790059 
0.357329 0.267469 
-0.707628 0.125576 
0.741572 0.290534 
-0.239049 0.0396597 
-0.210204 0.391833 
0.281717 -0.929784 
-0.725476 0.903989 
0.0490975 -1.02992 
-0.474237 0.0140306 
0.592539 -0.280131 
0.355912 0.952728 
0.382193 1.03081 
-0.154117 -0.402727 
-0.57852 0.0294852 
-0.76808 -0.0140327 
0.552483 0.550687 
-0.631316 0.234642 
0.568646 0.308744 
0.343612 0.249741 
0.704581 0.0545833 
0.698083 -0.372775 
0.061289 -0.0471643 
-0.0339419 -0.232054 
-0.629968 -0.290374 
-0.711005 -0.0393961 
1.00808 0.256047 
0.589412 -0.763091 
-0.428714 0.0210893 
-1.03226 -0.00911803 
-0.87022 0.207832 
-0.242927 -0.622469 
0.594635 -0.929801 
-0.455706 -0.288248 
0.658219 0.120864 
0.529663 0.622565 
0.469104 -0.621499 
-0.881963 0.653412 
-0.648027 -0.0273251 
-0.925147 0.237501 
-0.135879 -0.947229 
-0.41001 -0.128295 
0.850712 -0.757552 
0.493424 0.634703 
-0.520414 0.107424 
-0.229764 -0.388325 
-0.295025 0.93749 
0.956482 -0.739885 
-0.351792 -0.83198 
0.0287851 -0.926226 
-0.608847 0.0465177 
-0.81005 0.227606 
0.784943 0.760794 
-0.0819561 0.445387 
0.0394965 -0.427892 
0.111105 0.983906 
0.0938735 0.455772 
0.842668 -0.243823 
-0.785108 -0.350361 
0.232374 -0.606804 
0.0174447 -0.581086 
-0.0102376 -0.43514 
0.12216 -1.24398 
0.582859 0.102084 
0.996227 0.269871 
-0.88462 -0.646974 
0.457171 -0.17214 
-0.0376738 -0.423607 
0.93266 0.234138 
0.044022 1.12182 
-0.934899 -0.252717 
-0.201221 -0.0635305 
-0.943307 0.607369 
-0.0545643 0.208634 
0.0379908 0.892171 
0.574866 -0.637794 
0.199367 -0.314446 
-0.834571 -0.875161 
1.02679 -0.267496 
-0.366693 -0.838421 
-0.767355 -0.228442 
0.463076 -0.310406 
0.216117 0.69636 
1.12845 0.377622 
0.786565 0.818323 
-0.0402647 0.653726 
-1.14511 -0.115849 
-0.537438 -0.480884 
0.131421 -1.18517 
0.166392 -0.905212 
0.303527 0.741726 
0.388755 -0.789324 
0.390823 0.615823 
0.14585 -0.458981 
-0.866746 -0.0388639 
0.664325 -0.0729808 
0.413407 -0.92527 
0.3507 -1.03418 
0.646485 0.29901 
0.306253 0.612746 
-0.910272 0.352587 
-0.318233 -0.357101 
-0.0240494 -0.395814 
0.0107461 0.189296 
-0.681787 -0.467538 
-0.805906 0.176056 
-0.142882 -0.304573 
0.134606 0.340756 
-0.524337 -0.48551 
0.792112 0.108921 
-0.0461754 -0.0468404 
-0.297622 0.203295 
-0.48828 0.286331 
-0.401845 0.274954 
0.154433 0.576879 
0.203353 -0.13322 
0.535067 -0.301435 
0.739312 0.542098 
0.463045 -0.115742 
0.162079 -0.437432 
-0.361951 -0.124211 
0.512411 0.314098 
0.531482 -0.649978 
0.0610174 0.940473 
0.964163 0.725251 
-1.08126 -0.276286 
0.328155 -0.61591 
0.812792 -0.782209 
0.637977 -0.0401437 
0.128676 0.0947083 
0.503994 -1.01798 
-0.303823 0.367447 
0.150241 -1.22281 
0.942169 -0.449706 
0.245748 -0.155913 
-0.878368 -0.574528 
-1.18143 0.113464 
-0.119719 0.822863 
0.149044 0.956792 
-0.488286 0.725605 
-1.0547 0.0529728 
-0.621065 0.934113 
0.682981 0.0941412 
-0.377502 0.585096 
0.413105 -1.06365 
-0.409334 0.209183 
0.222197 0.967461 
0.300595 0.156988 
-1.13373 0.258024 
-0.668365 0.00349125 
-0.877386 -0.235092 
-0.256644 -0.532234 
-0.0602654 0.403688 
0.820449 -0.511802 
-0.667884 -0.122611 
1.10435 0.383839 
-0.888112 0.767787 
-0.32543 -0.483006 
-0.885679 0.257277 
0.294072 0.386472 
0.666629 0.315029 
0.575739 0.265549 
-0.109012 -0.393942 
-0.480777 0.738377 
-1.00287 0.121832 
-0.659185 -0.914465 
-0.748081 -0.494729 
-0.116067 -0.0656965 
-1.09867 -0.56072 
-0.729765 0.828138 
0.463951 0.242989 
-0.602968 -0.830556 
-0.710256 -0.0665934 
0.67749 0.925086 
-0.140665 -0.279373 
-0.328422 0.868483 
-0.387068 -1.10266 
-0.336247 -0.866334 
-0.506456 0.228499 
0.233971 -0.472552 
-1.15638 -0.450047 
-0.114023 0.402698 
0.682843 0.097661 
-0.693462 0.493967 
0.109541 -0.295854 
0.83697 0.632052 
1.00495 0.576772 
0.626182 0.664494 
-0.116469 -0.079764 
0.246244 0.511124 
0.587236 0.167334 
0.589428 -1.04275 
0.0496975 -0.884458 
-1.12352 -0.52475 
-0.125603 0.139304 
0.870516 -0.68191 
-0.843947 0.00887948 
-0.958824 -0.780905 
0.505539 0.0330035 
0.30027 -0.178978 
-0.0508205 0.170854 
0.188065 0.657897 
0.0507156 0.730518 
-0.0581078 -0.741533 
-0.581897 0.90817 
0.524302 0.289806 
-0.628269 0.0130349 
-0.280446 0.593438 
-0.362053 0.149688 
0.622973 -1.05644 
0.530175 -0.384573 
-0.626307 0.514044 
0.913509 0.368126 
-1.07654 -0.577599 
-0.0480796 -0.216329 
0.509304 0.897893 
-0.346437 -0.451249 
0.942175 0.111817 
0.62891 -0.977302 
-0.172892 0.177837 
0.778847 -0.630949 
0.146166 -0.199961 
-0.522311 0.643649 
-0.523833 0.465885 
1.11209 0.28613 
-0.190506 0.628993 
0.809349 -0.551878 
0.195333 -0.164797 
-0.153745 0.33708 
-0.350298 -1.02407 
0.657528 -0.73398 
-0.161508 -0.157435 
0.934983 0.165212 
-0.110167 -0.0674758 
0.00830357 -0.0812657 
0.48969 0.0146324 
0.477923 0.27415 
-0.795284 0.414408 
0.107262 -0.407463 
1.03668 -0.114758 
-0.77076 -0.357874 
0.751341 0.435477 
-0.744364 -0.739128 
0.44547 0.911699 
1.18856 -0.232791 
-0.238736 0.183807 
-0.338352 0.240151 
-0.250005 0.180665 
0.509506 -0.847763 
0.752598 0.517432 
0.889773 0.68885 
-0.574665 0.649832 
-0.09122 0.948376 
0.0951033 0.0984802 
-0.49889 0.513991 
-0.391707 -1.05889 
0.214615 -0.898475 
0.718611 -0.0659976 
0.272473 0.737778 
-0.884645 0.332446 
0.308966 -1.15622 
-0.355765 -0.054586 
0.745491 0.900401 
0.956681 0.249392 
-0.594834 -0.551804 
0.447003 -1.10211 
-1.06406 0.137289 
-0.0115279 0.71167 
-0.991023 0.388848 
0.489476 -0.995022 
0.383138 -0.174071 
-0.530602 -0.641973 
0.218998 0.817769 
0.450043 0.153233 
0.843141 -0.847137 
0.119283 -0.995189 
-0.240278 -0.0654581 
-0.639842 -0.367783 
1.21264 -0.0960422 
0.22345 -0.10729 
-0.913512 0.157704 
-0.0429021 -0.40189 
0.936589 0.505827 
0.438057 -0.474082 
0.651733 -0.0689662 
0.895075 -0.0795289 
-0.597351 -0.0246827 
0.645332 -0.651294 
-0.028813 0.0495826 
-0.969613 0.342044 
0.130695 0.299116 
-0.828764 0.614762 
0.862116 0.271435 
0.502704 0.654122 
-0.21908 0.681433 
0.446178 0.285942 
-0.809936 0.26692 
